2583
0 0 9 0 
7 1 16 1 
0 2 11 2 
0 3 8 3 
9 3 16 3 
5 4 6 8 
7 4 11 5 
7 6 9 8 
10 6 13 8 
14 5 16 8 
17 1 22 2 
26 0 29 2 
17 3 19 6 
20 3 23 4 
20 5 23 6 
24 4 27 6 
17 7 22 8 
28 3 29 8 
32 0 34 2 
31 3 32 7 
16 9 24 9 
9 10 20 10 
15 11 26 11 
27 11 34 11 
0 12 2 15 
4 12 5 15 
6 12 8 15 
9 12 16 12 
22 13 31 13 
12 15 21 15 
22 15 31 15 
32 12 34 15 
0 16 3 18 
4 16 13 16 
20 16 31 16 
24 17 34 17 
24 18 34 18 
0 19 10 19 
11 19 21 19 
2 20 13 20 
6 21 17 21 
27 21 34 21 
49 0 59 0 
64 0 72 0 
38 1 48 1 
49 1 58 1 
39 2 48 2 
62 1 72 1 
62 2 72 2 
42 3 51 3 
56 3 63 3 
35 6 38 8 
39 4 40 8 
41 4 42 8 
43 6 46 8 
50 4 54 5 
55 4 59 5 
64 4 69 5 
47 6 54 6 
62 7 69 7 
47 8 56 8 
57 8 64 8 
71 4 72 8 
41 13 44 15 
45 13 47 15 
48 10 49 15 
50 9 61 9 
50 10 61 10 
56 11 58 13 
51 14 54 15 
55 14 58 15 
59 11 60 15 
63 11 64 15 
65 9 72 9 
65 10 66 13 
67 10 71 11 
65 14 70 15 
35 17 37 20 
38 19 41 20 
51 16 52 20 
53 16 56 18 
53 19 58 20 
59 18 62 20 
69 18 72 20 
41 21 50 21 
1 22 1 29 
4 28 9 29 
12 22 12 29 
13 24 14 29 
15 22 17 24 
20 22 23 24 
15 25 23 25 
15 26 23 26 
15 27 23 27 
32 22 37 23 
24 25 28 26 
29 25 33 26 
25 27 28 29 
34 27 37 29 
45 22 56 22 
60 22 68 22 
47 23 50 24 
58 24 66 24 
67 23 72 24 
38 25 47 25 
51 25 60 25 
61 25 72 25 
38 26 40 28 
41 26 44 28 
51 27 55 28 
56 26 59 28 
61 26 72 26 
60 27 68 27 
43 29 50 29 
51 29 62 29 
63 29 72 29 
0 32 2 34 
3 30 14 30 
17 30 27 30 
28 30 38 30 
3 31 13 31 
3 33 14 33 
15 33 25 33 
26 31 28 33 
29 31 38 31 
29 32 38 32 
29 33 38 33 
11 34 19 34 
20 34 30 34 
11 35 19 35 
3 36 14 36 
20 36 28 36 
29 36 38 36 
22 37 29 37 
30 37 38 37 
40 33 41 37 
42 30 42 37 
50 30 55 31 
48 33 51 35 
48 36 51 37 
53 33 54 36 
62 30 72 30 
61 31 72 31 
57 32 68 32 
57 34 59 36 
61 36 72 36 
61 37 72 37 
0 38 11 38 
12 38 21 38 
22 38 31 38 
0 39 11 39 
17 39 26 39 
32 38 42 38 
43 38 50 38 
43 39 50 39 
58 39 68 39 
69 38 72 39 
0 40 3 42 
4 40 7 42 
8 40 10 42 
11 40 14 42 
6 43 14 43 
0 44 10 44 
15 40 16 44 
17 40 19 43 
10 45 19 45 
20 40 24 41 
20 43 23 44 
27 43 29 45 
32 43 35 45 
38 40 39 45 
43 40 53 40 
43 41 53 41 
54 40 58 41 
40 43 47 43 
48 43 58 43 
45 44 55 44 
59 40 64 41 
64 43 67 45 
68 42 70 45 
71 40 72 45 
8 46 10 49 
11 47 18 47 
14 48 18 49 
19 46 20 49 
21 46 23 49 
24 46 28 47 
38 46 49 46 
33 47 41 47 
42 47 50 47 
51 46 62 46 
51 47 62 47 
43 48 54 48 
62 48 72 48 
33 49 43 49 
63 49 71 49 
1 50 12 50 
1 52 2 56 
6 51 13 51 
7 52 12 53 
3 54 13 54 
3 55 13 55 
3 56 13 56 
15 51 22 51 
15 52 17 54 
18 52 20 54 
21 52 22 56 
14 57 22 57 
0 59 0 70 
0 73 0 83 
2 58 2 68 
2 69 2 79 
3 58 3 67 
2 80 3 83 
4 58 7 59 
4 60 7 61 
6 62 7 66 
4 68 6 71 
4 72 7 74 
4 75 7 77 
4 78 5 83 
6 78 7 83 
8 58 8 69 
10 67 10 74 
9 75 9 83 
10 75 10 83 
11 67 13 69 
12 70 12 81 
14 58 14 68 
15 58 15 68 
16 58 16 68 
17 58 17 68 
14 69 17 70 
18 60 18 71 
19 65 19 72 
14 73 14 83 
15 79 16 83 
17 73 17 83 
20 66 20 73 
20 74 20 83 
21 68 21 77 
22 65 22 74 
21 78 22 83 
23 50 34 50 
42 50 52 50 
30 51 39 51 
23 52 31 52 
23 53 32 53 
31 54 39 54 
40 53 43 54 
47 51 50 53 
54 51 61 51 
58 53 61 54 
40 55 48 55 
23 56 31 56 
23 58 31 58 
23 59 31 59 
23 60 31 60 
24 61 28 62 
26 63 31 64 
32 56 32 64 
33 56 35 58 
33 59 35 62 
36 56 37 61 
33 63 37 64 
45 56 50 57 
38 58 43 59 
44 58 45 62 
51 56 52 60 
38 63 49 63 
44 64 52 64 
53 56 54 61 
58 56 61 58 
55 63 60 64 
62 59 63 64 
64 56 64 64 
23 65 31 65 
38 65 46 65 
56 65 66 65 
23 66 23 73 
26 66 27 69 
24 70 27 71 
29 69 36 69 
29 70 33 71 
24 72 28 73 
39 66 43 67 
41 71 44 73 
48 66 53 67 
46 68 51 69 
46 70 48 73 
51 70 53 73 
54 66 56 69 
54 70 56 73 
57 67 58 72 
61 66 66 67 
61 68 66 69 
61 70 66 71 
61 72 66 73 
67 62 67 72 
68 53 68 64 
70 53 70 61 
71 53 72 57 
68 65 68 73 
70 65 72 68 
71 69 72 73 
23 74 25 77 
24 78 25 83 
26 74 26 83 
29 77 31 80 
32 76 35 77 
37 74 39 77 
40 74 42 77 
43 74 47 75 
43 76 47 77 
48 74 50 77 
32 80 35 81 
37 78 38 83 
39 79 41 82 
42 78 43 82 
45 78 48 79 
45 80 47 83 
49 78 50 83 
51 74 62 74 
51 75 62 75 
51 76 62 76 
56 77 60 78 
56 79 60 80 
63 74 63 83 
65 74 65 83 
66 74 66 83 
70 74 72 77 
70 78 71 83 
0 84 8 84 
18 84 26 84 
27 84 37 84 
38 84 47 84 
0 85 9 85 
27 85 38 85 
41 85 52 85 
8 86 15 86 
19 86 30 86 
37 86 47 86 
50 86 59 86 
67 85 72 86 
1 87 11 87 
21 87 28 87 
29 87 37 87 
41 87 51 87 
10 88 21 88 
22 88 32 88 
33 88 44 88 
45 88 56 88 
3 89 12 89 
20 89 30 89 
36 89 47 89 
60 89 68 89 
46 90 54 90 
55 90 66 90 
0 91 3 92 
4 91 5 96 
6 94 8 96 
9 91 10 96 
11 91 12 94 
11 95 15 96 
16 91 17 96 
0 103 0 112 
1 103 1 112 
2 103 2 112 
0 113 2 115 
0 116 1 120 
2 116 2 127 
3 97 3 107 
5 99 5 107 
3 108 3 117 
5 108 5 118 
6 108 6 116 
6 117 6 125 
7 108 8 113 
7 117 7 125 
8 117 8 125 
9 108 9 119 
12 97 12 106 
10 110 12 113 
10 114 11 118 
10 119 12 122 
10 123 12 125 
3 126 7 127 
8 126 12 127 
3 130 12 130 
3 131 12 131 
3 132 12 132 
3 134 12 134 
13 97 13 104 
13 105 13 115 
13 121 13 130 
14 105 14 116 
14 117 14 125 
15 97 15 108 
16 97 16 108 
17 97 17 108 
15 111 16 115 
15 119 16 123 
15 124 16 128 
15 129 16 134 
0 135 0 145 
1 135 1 145 
0 146 0 154 
1 146 1 154 
2 135 2 142 
3 144 3 154 
4 135 5 138 
4 140 5 145 
4 146 5 150 
4 151 5 154 
0 156 2 158 
0 159 2 161 
4 155 5 159 
0 162 1 167 
2 162 3 167 
4 162 5 167 
6 144 6 153 
6 154 6 165 
7 148 7 155 
7 156 7 165 
8 135 8 146 
9 135 9 146 
8 147 8 157 
9 147 9 157 
13 136 15 138 
13 141 15 143 
16 136 16 143 
17 136 17 143 
10 145 13 147 
14 145 17 147 
10 148 17 148 
12 149 17 150 
10 151 12 154 
13 151 14 154 
13 155 14 159 
15 158 17 161 
15 162 17 165 
6 166 17 166 
6 167 17 167 
18 91 18 100 
18 103 18 110 
18 129 18 137 
18 138 18 147 
20 100 20 108 
19 114 19 125 
19 130 19 140 
19 148 19 156 
20 141 20 152 
20 153 20 161 
19 162 20 167 
21 92 21 103 
21 104 21 113 
21 114 21 123 
21 124 21 132 
22 91 22 102 
22 111 22 122 
22 129 22 139 
21 141 21 151 
21 156 21 166 
22 140 22 151 
22 154 22 162 
23 97 23 108 
23 128 23 136 
23 145 23 155 
23 156 23 167 
24 91 24 100 
24 138 24 149 
25 110 25 118 
25 119 25 130 
25 159 25 167 
26 97 26 105 
27 108 27 119 
26 120 26 129 
26 146 26 156 
26 157 26 167 
27 120 27 130 
27 131 27 139 
27 156 27 167 
28 91 33 92 
28 93 33 94 
30 99 33 101 
28 102 33 103 
28 104 29 108 
30 109 30 117 
31 109 33 112 
32 113 33 117 
34 105 34 116 
35 105 35 116 
36 91 36 100 
36 105 36 116 
38 94 38 103 
39 91 41 93 
39 97 41 100 
39 101 40 106 
39 107 40 112 
41 101 41 112 
39 113 41 116 
34 117 41 117 
28 119 31 121 
33 120 35 122 
36 120 39 122 
40 120 41 125 
34 128 37 129 
28 133 38 133 
28 134 38 134 
28 135 38 135 
39 128 41 131 
39 132 41 135 
30 136 41 136 
30 137 41 137 
30 138 35 139 
38 138 41 140 
33 141 41 141 
33 142 40 142 
33 143 41 143 
31 146 39 146 
33 148 35 150 
38 148 41 150 
31 151 40 151 
29 152 30 156 
34 153 35 158 
36 152 41 153 
36 154 39 156 
36 157 39 158 
40 154 41 158 
30 159 41 159 
28 160 39 160 
29 161 32 163 
30 164 32 167 
33 161 35 163 
37 162 41 163 
33 164 37 165 
38 164 41 165 
33 166 38 167 
42 91 43 95 
42 96 42 105 
43 96 43 105 
44 94 44 105 
45 98 45 105 
43 106 43 115 
42 116 43 121 
44 107 44 117 
45 113 45 121 
42 122 43 126 
44 122 45 126 
42 129 42 140 
44 133 44 144 
42 145 45 147 
42 151 45 153 
42 154 45 156 
42 162 45 163 
42 165 45 167 
47 91 47 101 
47 104 47 115 
46 121 46 132 
47 116 47 126 
46 143 47 148 
48 91 49 96 
48 98 48 108 
49 98 49 108 
48 131 48 140 
49 118 49 128 
49 132 49 143 
48 144 49 148 
50 113 50 121 
50 129 50 137 
46 151 49 152 
48 153 49 157 
48 159 49 163 
47 165 49 167 
50 149 50 157 
50 158 50 167 
51 94 51 104 
51 105 51 114 
51 116 51 126 
51 127 51 136 
51 147 51 158 
51 159 51 167 
52 101 52 110 
53 98 53 109 
53 115 53 125 
53 128 53 138 
53 139 53 149 
52 150 52 157 
52 158 52 167 
56 94 56 102 
54 114 56 117 
54 119 54 130 
54 131 54 141 
55 147 55 155 
56 147 56 155 
54 156 55 160 
54 161 55 165 
56 156 56 167 
57 91 57 99 
57 109 57 118 
57 119 57 130 
57 148 57 155 
57 156 57 167 
58 91 58 100 
59 91 59 100 
58 101 58 109 
59 101 59 109 
58 114 59 119 
58 122 58 132 
58 158 58 167 
62 91 62 99 
63 91 63 99 
64 91 64 99 
65 91 66 96 
62 101 63 106 
64 101 65 106 
61 108 66 109 
70 94 70 105 
71 91 71 101 
65 110 67 113 
68 110 70 113 
63 114 65 117 
66 114 67 119 
66 121 67 124 
70 114 70 124 
71 114 71 124 
60 125 63 127 
64 125 67 126 
64 127 71 127 
60 130 61 134 
64 128 69 129 
64 133 71 133 
60 135 60 143 
61 135 61 143 
62 136 62 143 
63 138 64 143 
60 144 62 147 
60 149 60 156 
60 157 61 161 
62 148 62 155 
63 148 63 155 
63 156 63 164 
65 139 65 148 
65 153 65 164 
66 135 66 145 
66 146 66 154 
66 155 66 164 
67 137 67 148 
67 152 67 162 
68 137 68 146 
69 136 69 147 
70 135 70 144 
71 135 71 146 
60 167 71 167 
72 105 72 113 
72 157 72 167 
7 168 18 168 
40 168 50 168 
62 168 72 168 
0 169 9 169 
17 169 27 169 
60 169 69 169 
7 170 18 170 
46 170 55 170 
73 6 73 16 
74 7 74 16 
75 0 75 8 
75 9 75 16 
73 24 75 27 
73 29 73 40 
74 28 74 36 
74 41 75 45 
74 47 74 58 
75 51 75 58 
73 59 73 66 
73 70 73 81 
74 67 74 75 
75 65 75 74 
73 97 73 107 
73 108 73 115 
73 116 73 127 
74 83 75 88 
74 99 74 110 
75 96 75 104 
74 116 74 127 
75 118 75 127 
73 128 73 138 
74 128 74 138 
73 139 74 144 
73 145 74 149 
75 128 75 139 
75 140 75 149 
73 150 75 153 
73 157 75 160 
73 161 74 165 
78 1 82 2 
79 3 84 4 
76 5 84 5 
76 6 84 6 
76 7 84 7 
85 5 87 8 
80 11 89 11 
90 0 95 1 
90 3 95 4 
90 6 95 7 
90 8 98 8 
90 9 92 11 
93 9 98 10 
101 0 103 3 
99 4 101 6 
99 9 101 11 
102 4 104 6 
86 12 97 12 
105 0 109 1 
105 2 109 3 
105 4 109 5 
110 0 114 1 
110 2 114 3 
112 4 114 6 
115 0 117 3 
118 0 119 5 
120 2 121 6 
110 7 119 7 
105 12 112 12 
113 10 123 10 
113 11 122 11 
125 0 127 3 
127 4 127 12 
128 0 131 2 
141 0 143 3 
132 4 143 4 
132 5 140 5 
141 5 143 7 
128 8 132 9 
133 8 143 8 
133 9 143 9 
145 2 146 6 
149 0 153 1 
154 0 156 3 
154 4 156 6 
144 7 151 7 
147 9 157 9 
128 10 131 12 
134 10 144 10 
139 11 144 12 
146 10 149 12 
153 11 157 12 
78 13 83 14 
76 16 83 16 
77 17 78 22 
79 17 80 22 
81 17 82 22 
76 24 78 27 
79 23 80 27 
76 28 79 30 
80 28 81 32 
82 28 83 32 
76 35 78 37 
81 34 83 37 
78 38 83 39 
76 40 83 40 
76 53 76 62 
77 45 79 48 
80 45 81 48 
77 49 81 50 
77 52 81 53 
82 45 82 53 
83 45 83 53 
78 56 83 57 
78 58 82 59 
76 63 76 73 
76 96 76 105 
78 74 78 82 
78 90 80 93 
77 94 77 105 
78 94 78 104 
79 94 79 104 
80 94 80 104 
81 79 81 89 
81 94 81 105 
82 63 82 72 
83 63 83 74 
83 78 83 88 
82 89 83 93 
82 94 82 105 
83 94 83 105 
86 13 86 21 
84 28 86 30 
84 31 85 36 
84 37 84 47 
84 48 84 57 
85 47 85 57 
84 62 85 66 
86 37 86 45 
86 46 86 54 
86 57 86 66 
87 33 87 43 
87 44 87 54 
87 55 87 66 
88 13 88 21 
84 67 85 71 
84 72 84 80 
84 84 84 95 
84 96 84 103 
85 72 85 81 
85 84 86 88 
85 90 85 101 
86 90 86 101 
85 102 86 105 
87 67 87 75 
87 96 87 105 
88 86 88 95 
88 96 88 103 
89 44 89 54 
90 17 90 27 
90 33 90 41 
90 47 90 55 
93 13 93 20 
91 42 91 52 
91 53 91 61 
92 35 92 44 
92 45 92 56 
93 21 93 31 
93 36 93 46 
93 47 93 56 
92 57 93 61 
94 16 94 26 
94 36 94 44 
94 50 94 61 
95 13 96 17 
95 22 95 31 
96 22 96 31 
96 32 97 36 
95 51 95 61 
96 43 96 54 
97 47 97 57 
99 13 101 16 
103 13 105 16 
106 13 115 13 
106 16 113 16 
116 13 119 15 
124 13 135 13 
127 14 136 14 
126 16 135 16 
143 13 145 16 
98 28 98 38 
99 17 99 28 
99 33 99 44 
100 17 100 27 
101 24 101 32 
102 20 102 29 
102 30 102 41 
103 17 103 27 
104 17 104 24 
103 44 103 51 
99 52 100 56 
101 52 101 60 
102 52 102 60 
103 52 103 60 
104 52 104 60 
105 20 109 21 
105 26 107 28 
105 29 106 34 
105 39 106 43 
107 29 107 39 
109 24 109 35 
105 44 105 53 
106 44 106 53 
105 54 106 58 
107 54 109 57 
110 17 120 17 
110 18 120 18 
110 19 111 24 
112 22 115 24 
110 25 120 25 
110 26 120 26 
112 27 115 29 
117 27 120 29 
110 30 110 39 
113 30 113 39 
114 30 114 39 
115 30 115 39 
116 30 116 39 
110 41 111 44 
110 45 111 49 
112 41 114 44 
112 45 114 47 
115 40 115 47 
116 40 116 47 
117 40 117 47 
118 30 118 39 
119 30 120 35 
118 40 119 44 
110 50 120 50 
110 51 111 55 
110 56 111 60 
114 51 115 55 
114 56 115 60 
116 51 120 52 
116 53 117 57 
117 58 120 60 
121 17 123 20 
125 17 127 20 
133 20 142 20 
125 21 127 24 
129 22 136 22 
130 23 135 24 
143 17 145 19 
143 20 144 24 
121 26 126 27 
123 28 128 29 
133 27 141 27 
132 28 141 28 
142 26 145 28 
129 29 138 29 
129 31 139 31 
123 40 123 49 
125 33 125 43 
124 44 125 49 
127 34 138 34 
127 35 138 35 
127 36 138 36 
139 33 141 35 
142 33 144 35 
133 37 142 37 
127 40 135 40 
136 40 145 40 
130 41 135 42 
136 41 145 41 
136 42 145 42 
131 44 140 44 
133 45 140 45 
126 46 136 46 
126 47 136 47 
140 46 145 47 
136 48 141 49 
142 48 145 49 
121 50 130 50 
124 51 126 53 
127 51 137 51 
138 51 145 51 
127 52 137 52 
127 53 137 53 
121 55 124 57 
125 55 130 56 
134 55 137 56 
129 57 137 57 
121 58 123 60 
127 58 138 58 
124 59 129 60 
137 59 145 59 
130 60 140 60 
113 61 123 61 
146 13 146 24 
146 25 146 35 
146 42 146 50 
147 34 147 42 
148 45 149 50 
150 13 151 18 
152 13 154 15 
152 16 154 18 
150 20 154 21 
150 26 150 35 
150 36 150 45 
151 36 151 45 
150 46 151 50 
149 52 153 53 
151 54 154 56 
150 57 153 58 
151 59 154 61 
89 62 91 64 
89 65 91 68 
89 69 91 72 
89 80 90 85 
89 90 89 98 
90 90 90 101 
91 90 91 101 
90 102 91 105 
92 65 94 68 
94 69 95 72 
92 73 93 77 
94 73 95 77 
93 78 94 83 
92 84 95 86 
92 87 92 97 
93 90 93 101 
94 87 94 95 
92 102 95 104 
96 93 96 101 
97 65 97 76 
97 78 97 89 
97 97 97 105 
98 62 98 72 
98 73 98 81 
98 82 98 93 
99 62 99 73 
99 81 99 90 
100 62 100 71 
100 88 100 98 
101 65 101 74 
102 68 102 78 
103 76 103 83 
102 84 103 89 
105 62 105 73 
104 86 104 95 
105 88 105 98 
99 100 103 101 
99 102 101 105 
102 102 105 104 
106 62 111 63 
113 62 115 64 
119 62 122 63 
126 62 136 62 
128 64 139 64 
106 65 116 65 
132 65 139 65 
106 66 111 67 
114 66 118 67 
119 66 129 66 
119 67 129 67 
130 67 139 67 
140 62 144 63 
140 64 144 65 
140 66 144 67 
145 63 149 64 
153 62 154 67 
106 68 106 79 
107 72 107 83 
106 85 107 90 
106 91 108 93 
106 94 106 104 
108 94 108 104 
109 84 109 92 
109 93 109 104 
110 68 112 71 
117 68 119 71 
126 68 129 69 
111 74 112 78 
115 72 117 74 
118 72 120 74 
115 75 120 76 
115 77 120 78 
123 72 125 74 
123 75 125 78 
124 79 129 80 
110 81 118 81 
119 81 129 81 
117 83 126 83 
119 84 129 84 
115 85 125 85 
110 86 119 86 
110 87 119 87 
121 86 125 87 
126 86 129 87 
118 88 129 88 
112 92 115 94 
116 94 123 94 
124 93 129 94 
110 95 113 97 
114 95 117 97 
119 96 124 97 
125 95 127 97 
110 98 120 98 
110 99 115 100 
116 100 120 101 
121 98 129 98 
121 99 129 99 
121 100 129 100 
121 101 129 101 
110 103 121 103 
110 104 117 104 
118 104 129 104 
131 84 131 95 
131 96 131 104 
132 88 132 98 
133 68 134 72 
134 73 134 81 
134 83 134 93 
135 68 135 78 
135 87 135 98 
136 73 136 83 
137 68 139 70 
137 73 137 83 
138 72 138 83 
140 68 140 78 
142 68 143 73 
141 74 143 77 
138 84 141 86 
138 88 141 90 
142 86 143 91 
138 93 143 94 
144 71 144 80 
145 68 145 77 
144 86 145 90 
146 68 146 77 
132 99 135 100 
132 101 135 102 
132 103 135 104 
136 99 139 100 
136 101 140 102 
141 102 144 104 
148 83 148 92 
149 94 149 104 
150 71 152 74 
153 71 154 74 
150 75 154 76 
150 82 154 83 
150 85 154 86 
150 88 154 89 
152 90 154 92 
150 93 154 94 
150 95 150 104 
151 95 154 96 
151 97 154 99 
106 105 115 105 
131 105 138 105 
155 42 155 53 
155 54 155 61 
155 69 155 80 
156 13 157 17 
156 18 157 22 
156 23 157 28 
156 36 156 43 
157 29 157 39 
156 50 157 55 
156 81 156 89 
155 93 155 104 
156 90 156 99 
157 87 157 97 
157 98 157 105 
158 13 158 20 
158 21 158 31 
158 37 158 45 
158 46 158 54 
158 75 158 83 
158 84 158 93 
158 94 158 105 
76 106 77 110 
79 106 79 117 
80 109 81 112 
80 113 81 117 
84 106 86 109 
82 113 83 117 
87 106 96 106 
87 107 95 107 
87 116 90 117 
91 112 92 117 
93 110 95 113 
94 114 96 117 
97 106 98 111 
99 106 100 111 
101 108 102 113 
103 109 107 110 
103 112 107 113 
101 114 103 117 
108 106 108 117 
109 106 109 115 
110 106 110 115 
111 106 111 117 
112 106 112 117 
113 106 113 117 
114 106 114 117 
115 106 115 117 
116 106 116 117 
117 106 117 117 
118 106 118 117 
119 110 121 113 
128 106 131 108 
134 106 136 108 
137 106 139 108 
128 109 139 109 
140 106 145 107 
140 108 145 109 
146 106 148 109 
123 111 125 114 
126 110 131 111 
129 112 132 114 
123 115 132 115 
134 110 135 115 
137 111 148 111 
136 112 146 112 
149 106 150 110 
151 106 153 108 
151 109 158 109 
153 110 155 113 
156 110 158 113 
153 114 158 115 
146 116 157 116 
119 117 128 117 
129 117 138 117 
150 117 157 117 
76 118 87 118 
76 119 87 119 
93 118 101 118 
88 119 99 119 
100 119 109 119 
117 118 127 118 
111 119 121 119 
128 118 139 118 
140 118 149 118 
150 118 158 118 
128 119 136 119 
137 119 147 119 
148 119 158 119 
79 121 88 121 
79 122 88 122 
76 131 83 131 
76 132 81 133 
84 130 88 131 
89 120 94 121 
95 120 98 121 
99 120 104 121 
97 123 104 123 
100 124 104 125 
92 129 94 131 
95 127 96 131 
97 127 98 131 
105 120 109 121 
105 122 106 127 
108 123 113 124 
107 125 114 125 
105 128 114 128 
110 129 114 130 
105 131 114 131 
115 122 116 125 
115 126 116 131 
118 123 118 131 
119 122 119 131 
107 132 115 132 
120 122 120 132 
121 120 121 129 
122 121 123 125 
122 130 125 132 
105 133 114 133 
131 120 134 122 
132 124 133 129 
135 120 140 121 
138 123 140 126 
136 127 137 132 
138 127 140 130 
141 120 141 130 
142 120 147 121 
142 122 147 123 
145 124 147 126 
146 127 147 132 
149 120 149 130 
150 120 151 125 
152 120 153 125 
150 126 153 127 
150 130 153 132 
154 121 158 122 
154 127 158 128 
131 133 142 133 
76 144 76 154 
78 135 81 136 
78 137 80 139 
78 140 85 140 
78 141 79 146 
82 144 84 146 
78 150 82 151 
78 152 82 153 
78 154 85 154 
86 144 86 154 
88 138 88 149 
89 143 89 154 
90 134 90 145 
91 134 91 143 
92 134 92 143 
92 144 92 153 
76 157 79 159 
87 155 88 159 
90 155 92 158 
76 160 77 163 
78 160 79 163 
80 160 84 161 
80 162 84 163 
85 160 87 163 
90 160 92 163 
76 164 85 164 
76 165 79 167 
83 165 92 165 
87 166 92 167 
93 134 104 134 
93 135 104 135 
93 143 97 144 
101 143 104 144 
93 145 93 153 
93 159 93 167 
94 145 94 153 
96 145 96 153 
94 154 96 156 
95 157 96 161 
94 162 96 164 
97 145 97 155 
98 145 98 155 
99 145 100 149 
99 150 100 155 
101 145 102 150 
97 156 101 157 
97 158 101 159 
97 166 101 167 
102 160 103 164 
104 156 104 167 
106 134 117 134 
115 135 125 135 
129 134 132 135 
105 136 116 136 
119 136 129 136 
145 136 153 136 
107 137 109 140 
110 137 111 140 
112 137 113 140 
105 141 107 143 
110 141 113 143 
114 138 115 143 
116 138 119 140 
116 141 119 143 
120 137 127 137 
128 137 139 137 
120 138 131 138 
132 138 142 138 
123 139 127 140 
128 139 137 139 
128 140 137 140 
120 141 127 141 
128 141 137 141 
120 142 124 143 
133 142 137 143 
138 139 139 143 
143 139 145 142 
152 137 154 140 
155 137 156 141 
105 144 115 144 
112 145 122 145 
128 145 138 145 
105 146 116 146 
117 146 127 146 
105 147 116 147 
147 145 158 145 
147 146 158 146 
147 147 158 147 
121 148 131 148 
105 149 113 149 
127 149 138 149 
105 150 106 153 
107 150 108 153 
109 150 110 153 
119 150 122 152 
121 153 132 153 
105 154 112 154 
113 154 120 154 
122 155 131 155 
134 154 138 155 
105 156 110 157 
111 156 114 157 
115 156 120 157 
130 156 138 156 
130 157 138 157 
139 148 141 151 
141 152 143 154 
140 155 143 157 
144 148 145 153 
146 148 146 157 
149 148 149 157 
150 153 151 157 
152 152 153 157 
154 148 154 157 
155 148 155 157 
156 148 156 157 
157 148 158 152 
157 153 158 157 
106 159 109 161 
117 158 128 158 
149 158 158 158 
117 159 127 159 
128 159 136 159 
112 160 115 161 
116 160 120 161 
131 160 140 160 
131 161 140 161 
141 159 143 161 
105 162 116 162 
105 163 109 164 
117 163 128 163 
117 164 128 164 
132 164 141 164 
146 162 148 164 
149 162 152 164 
115 165 123 165 
124 165 134 165 
105 166 114 166 
111 167 120 167 
121 167 128 167 
142 166 147 167 
148 165 151 167 
155 165 158 167 
76 168 84 168 
88 168 99 168 
100 168 109 168 
110 168 117 168 
140 168 150 168 
151 168 158 168 
76 169 86 169 
87 169 97 169 
99 169 110 169 
130 169 139 169 
80 170 90 170 
105 170 113 170 
136 170 145 170 
0 171 0 180 
0 195 0 205 
1 177 1 184 
2 172 2 183 
3 180 3 189 
2 197 2 205 
3 197 3 208 
19 171 30 171 
6 172 16 172 
19 172 30 172 
4 173 14 173 
15 173 25 173 
31 171 34 173 
40 171 51 171 
52 171 59 171 
64 171 71 171 
102 171 111 171 
113 171 124 171 
40 172 51 172 
61 172 72 172 
73 172 82 172 
87 172 97 172 
98 172 108 172 
117 172 127 172 
130 172 138 172 
40 173 50 173 
51 173 61 173 
70 173 81 173 
107 173 116 173 
117 173 126 173 
127 173 138 173 
16 174 24 174 
25 174 35 174 
8 175 19 175 
22 175 26 176 
27 175 30 176 
11 177 19 177 
4 178 8 179 
9 180 19 180 
26 177 35 177 
20 179 25 180 
26 179 35 179 
26 180 35 180 
4 181 12 181 
4 182 8 183 
9 182 13 183 
14 182 24 182 
19 183 30 183 
32 182 37 183 
9 184 19 184 
4 185 13 185 
27 185 34 185 
4 186 14 186 
4 187 14 187 
28 186 35 186 
15 187 24 187 
25 187 34 187 
78 174 87 174 
42 175 45 176 
40 185 45 186 
46 179 48 182 
49 179 52 181 
53 177 53 184 
46 187 53 187 
54 175 54 184 
55 178 55 187 
57 175 57 182 
57 183 58 187 
59 175 69 175 
75 175 83 175 
84 175 95 175 
60 176 70 176 
76 176 87 176 
88 176 98 176 
59 177 64 178 
65 177 73 177 
87 177 98 177 
73 178 83 178 
87 178 98 178 
75 179 80 180 
83 179 87 180 
95 179 98 180 
65 181 72 181 
87 181 98 181 
60 182 63 184 
60 185 63 187 
64 182 65 187 
66 182 67 187 
73 182 74 187 
75 183 83 183 
84 183 95 183 
80 184 89 184 
96 182 97 186 
82 187 91 187 
106 174 113 174 
114 174 123 174 
112 175 121 175 
122 175 132 175 
99 176 110 176 
99 177 110 177 
99 178 102 180 
103 179 106 180 
107 179 110 180 
99 184 110 184 
99 185 102 187 
103 185 110 185 
107 186 110 187 
111 176 120 176 
111 179 115 180 
111 182 113 184 
114 182 117 184 
118 182 121 184 
124 180 125 184 
129 179 130 182 
128 183 132 184 
133 179 134 184 
137 179 138 184 
111 185 121 185 
111 186 118 186 
124 186 134 186 
111 187 118 187 
119 187 130 187 
135 185 138 187 
4 189 13 189 
14 188 19 189 
29 188 34 189 
4 190 11 190 
17 191 25 191 
30 190 39 190 
30 191 39 191 
9 192 19 192 
4 193 14 193 
15 193 26 193 
4 194 13 194 
35 194 44 194 
4 195 8 196 
4 198 8 199 
9 195 13 196 
9 198 13 199 
4 200 13 200 
4 201 13 201 
4 202 13 202 
14 195 16 197 
24 195 34 195 
37 195 40 197 
41 195 44 197 
35 198 44 198 
14 199 22 199 
18 200 29 200 
30 200 40 200 
14 201 25 201 
34 201 44 201 
16 202 25 202 
4 203 15 203 
20 203 29 203 
30 203 37 203 
12 204 23 204 
10 207 17 207 
23 205 27 206 
28 205 31 207 
35 205 38 207 
39 205 41 207 
4 208 12 208 
21 208 31 208 
32 208 41 208 
42 205 44 208 
45 188 48 190 
45 191 49 192 
45 193 49 194 
45 195 49 196 
45 200 49 201 
45 206 47 208 
50 188 50 197 
51 188 52 193 
53 188 53 197 
54 188 65 188 
54 189 56 192 
58 189 63 190 
57 191 65 191 
54 193 58 194 
62 193 65 194 
54 195 65 195 
54 196 65 196 
54 197 65 197 
66 189 68 192 
66 194 68 197 
69 188 70 191 
69 192 70 197 
71 188 71 197 
72 191 79 191 
72 192 74 194 
72 195 74 197 
80 190 83 191 
80 192 83 194 
92 188 102 188 
92 189 102 189 
92 190 94 192 
95 190 98 192 
99 190 102 192 
97 193 102 194 
89 195 96 195 
84 197 91 197 
92 197 102 197 
103 188 104 193 
106 190 109 192 
110 193 118 193 
103 196 107 197 
108 195 118 195 
108 196 118 196 
108 197 118 197 
119 188 119 197 
50 198 51 202 
61 198 72 198 
61 199 72 199 
53 201 60 201 
68 200 72 201 
73 198 78 199 
83 198 86 200 
87 198 89 200 
83 201 92 201 
53 202 64 202 
65 202 75 202 
93 200 96 202 
97 199 107 199 
108 199 119 199 
97 200 100 202 
108 200 111 201 
109 202 119 202 
121 188 123 191 
125 188 126 191 
127 188 129 191 
130 188 132 191 
124 192 127 193 
127 198 132 199 
133 191 135 194 
136 188 138 190 
136 191 138 194 
120 200 130 200 
131 200 138 200 
120 201 128 201 
129 201 133 202 
134 201 138 202 
50 203 59 203 
66 203 77 203 
82 203 92 203 
50 204 59 204 
55 205 64 205 
65 205 72 205 
50 206 60 206 
68 206 72 207 
50 208 59 208 
63 208 72 208 
73 204 76 206 
77 204 87 204 
78 208 89 208 
93 203 104 203 
94 205 98 206 
93 207 98 208 
99 207 104 208 
105 203 115 203 
105 204 109 205 
110 204 115 205 
117 204 125 204 
117 205 125 205 
114 206 125 206 
112 207 122 207 
105 208 116 208 
117 208 125 208 
126 204 129 206 
131 203 133 206 
128 207 133 208 
135 203 137 206 
134 207 138 208 
0 209 10 209 
11 209 18 209 
36 209 47 209 
7 211 17 211 
18 210 27 210 
37 210 46 210 
19 211 30 211 
47 211 55 211 
56 210 65 210 
56 211 65 211 
66 211 76 211 
77 209 85 209 
86 209 97 209 
98 209 106 209 
114 209 124 209 
129 209 138 209 
81 210 92 210 
116 210 125 210 
104 211 111 211 
125 211 135 211 
139 172 139 183 
139 184 139 195 
140 176 140 183 
140 184 140 195 
140 199 140 210 
141 171 141 182 
141 192 141 203 
142 171 142 182 
142 190 142 199 
143 171 143 180 
144 171 145 174 
144 175 144 185 
145 175 145 185 
143 186 143 197 
143 198 143 205 
144 186 144 197 
145 193 145 204 
146 171 146 182 
146 188 147 193 
146 201 147 206 
146 207 147 211 
148 175 148 186 
149 171 152 173 
150 175 150 186 
152 176 152 186 
154 171 154 180 
153 181 154 186 
148 187 148 197 
149 187 149 196 
150 192 151 196 
149 199 151 202 
152 190 153 194 
152 195 153 199 
148 203 149 208 
150 204 152 206 
155 171 157 174 
155 176 158 177 
155 180 158 181 
155 183 155 191 
156 184 156 195 
157 185 157 193 
158 183 158 191 
158 195 158 204 
155 205 158 207 
155 208 158 209 
155 210 158 211 
0 212 2 214 
3 215 4 218 
5 212 13 212 
5 214 13 214 
8 215 13 216 
5 217 13 217 
5 218 13 218 
19 214 23 215 
14 216 23 216 
14 217 23 217 
14 218 23 218 
29 212 40 212 
60 212 70 212 
31 213 36 214 
37 213 48 213 
37 214 48 214 
56 213 65 213 
49 214 59 214 
60 214 70 214 
25 218 33 218 
38 215 41 216 
55 215 63 215 
49 216 57 216 
49 217 57 217 
58 216 63 217 
64 216 67 218 
68 215 70 218 
71 212 75 213 
74 217 78 218 
79 214 83 215 
86 212 96 212 
86 213 96 213 
86 214 91 215 
92 214 96 215 
86 217 90 218 
98 212 99 215 
100 212 109 212 
100 213 104 214 
105 213 109 214 
100 215 103 217 
110 212 112 214 
110 215 112 218 
113 215 115 218 
7 219 17 219 
65 219 75 219 
18 220 29 220 
40 220 48 220 
18 221 27 221 
28 221 36 221 
76 219 81 220 
84 219 95 219 
82 220 91 220 
89 221 100 221 
108 220 113 221 
116 212 117 216 
116 218 118 221 
121 216 123 218 
124 212 126 214 
124 215 126 217 
127 212 127 221 
128 212 130 215 
128 216 129 221 
150 212 158 212 
140 213 150 213 
131 214 134 215 
131 216 134 218 
135 214 138 216 
139 214 142 216 
144 215 149 216 
141 217 150 217 
142 218 150 218 
135 219 145 219 
131 220 142 220 
131 221 142 221 
143 220 153 220 
143 221 153 221 
154 219 157 221 
5 222 15 222 
21 222 31 222 
38 222 49 222 
72 222 80 222 
81 222 89 222 
90 222 99 222 
135 222 146 222 
150 222 158 222 
0 223 0 234 
1 223 4 225 
1 227 4 229 
1 239 4 241 
0 245 4 246 
8 223 10 226 
11 223 12 228 
5 231 13 231 
5 232 13 232 
5 238 10 239 
11 237 13 239 
9 240 13 241 
14 223 14 234 
14 239 14 246 
25 224 30 225 
15 226 15 235 
16 235 16 246 
17 231 20 233 
21 229 24 231 
22 232 24 235 
20 237 20 245 
21 237 24 238 
21 239 24 240 
21 241 24 243 
21 244 24 246 
25 228 25 238 
26 228 26 238 
28 226 28 234 
29 232 29 242 
28 243 30 246 
31 223 32 228 
33 223 35 225 
33 226 35 228 
37 223 40 225 
37 226 40 228 
31 229 33 232 
31 233 34 235 
35 229 37 232 
35 233 37 235 
38 229 40 232 
38 233 40 235 
31 237 39 237 
32 239 39 239 
34 240 39 241 
31 242 33 244 
34 242 35 246 
36 242 38 245 
40 236 40 246 
41 223 41 233 
41 236 41 246 
42 223 42 231 
42 232 42 241 
51 223 61 223 
51 224 61 224 
46 225 51 226 
43 227 51 227 
53 226 57 227 
43 228 45 231 
48 228 53 229 
48 230 53 231 
54 228 55 231 
56 228 58 231 
59 228 61 231 
43 232 46 234 
47 232 50 234 
51 233 56 234 
57 232 61 233 
43 235 52 235 
45 236 50 237 
44 241 46 243 
44 244 46 246 
50 239 51 243 
53 235 56 236 
56 237 61 238 
53 242 61 242 
53 244 61 244 
62 223 73 223 
74 223 85 223 
62 224 73 224 
74 224 85 224 
62 225 69 225 
66 226 69 227 
70 225 80 225 
70 227 81 227 
62 228 62 237 
62 238 62 246 
65 228 65 238 
65 239 65 246 
66 228 66 238 
67 235 67 246 
68 232 68 243 
69 228 69 236 
69 237 69 246 
71 228 76 229 
77 228 82 229 
73 234 75 237 
77 230 78 235 
79 230 81 233 
79 234 81 237 
82 230 84 233 
82 234 84 237 
72 238 77 239 
78 238 79 242 
82 239 84 242 
72 244 82 244 
71 245 78 245 
79 245 84 246 
85 230 85 240 
93 224 94 229 
101 223 109 223 
101 224 102 229 
103 224 104 229 
105 224 109 225 
106 227 109 229 
110 224 111 229 
112 225 115 227 
112 228 115 229 
86 230 89 231 
86 232 89 234 
90 230 97 230 
98 230 107 230 
98 231 107 231 
98 232 107 232 
90 233 94 234 
95 233 99 234 
100 233 104 234 
105 233 108 234 
119 223 128 223 
119 224 128 224 
118 225 120 228 
123 227 128 228 
129 223 130 228 
131 223 132 228 
138 223 140 225 
133 228 140 228 
141 225 144 227 
145 223 146 228 
116 232 119 234 
120 231 122 234 
124 229 125 234 
126 231 131 232 
126 233 131 234 
137 229 138 234 
139 231 141 234 
153 223 158 224 
149 225 158 225 
147 226 158 226 
147 227 158 227 
147 228 158 228 
147 231 151 232 
152 231 157 232 
147 233 150 234 
86 235 88 237 
89 235 99 235 
100 235 109 235 
89 236 100 236 
101 236 109 236 
110 235 118 235 
110 236 121 236 
123 235 125 237 
126 236 130 237 
132 235 137 236 
138 235 143 236 
149 235 158 235 
142 237 151 237 
86 238 88 240 
90 238 94 239 
96 238 99 240 
100 238 102 240 
103 238 105 240 
112 240 123 240 
124 238 131 238 
132 238 143 238 
124 240 133 240 
134 240 143 240 
144 238 147 240 
148 238 151 240 
86 241 91 242 
92 241 97 242 
117 241 121 242 
149 241 158 241 
86 243 87 246 
90 243 93 245 
108 243 118 243 
119 243 126 243 
94 244 102 244 
107 244 115 244 
116 244 126 244 
95 245 106 245 
115 245 126 245 
94 246 104 246 
140 243 143 245 
150 246 158 246 
0 247 11 247 
14 247 24 247 
0 248 9 248 
10 248 17 248 
18 248 27 248 
36 247 39 248 
41 247 52 247 
53 247 64 247 
97 247 108 247 
113 247 120 247 
135 247 146 247 
147 247 158 247 
50 248 60 248 
69 248 79 248 
106 248 116 248 
126 248 136 248 
137 248 147 248 
4 249 13 249 
14 249 23 249 
52 249 61 249 
67 249 74 249 
75 249 84 249 
96 249 105 249 
113 249 122 249 
141 249 152 249 
159 2 167 2 
159 5 163 6 
168 0 170 3 
171 0 173 3 
168 4 176 4 
168 6 176 6 
159 10 160 13 
166 10 167 15 
168 9 170 12 
171 9 176 10 
171 11 176 12 
168 15 176 15 
177 0 177 7 
179 2 180 7 
181 3 182 7 
177 11 182 12 
177 13 182 14 
177 15 182 16 
185 0 187 3 
189 0 191 3 
183 4 184 8 
188 9 191 11 
185 13 190 14 
159 17 170 17 
167 18 175 18 
174 19 182 19 
183 19 191 19 
182 20 191 20 
192 0 192 8 
198 3 199 8 
193 9 198 10 
194 12 194 20 
197 12 198 17 
199 9 199 20 
159 21 160 25 
161 22 165 23 
173 21 180 21 
187 22 195 22 
184 23 195 23 
173 24 183 24 
187 25 195 25 
196 21 199 23 
159 30 159 38 
160 26 160 34 
161 26 161 35 
161 40 161 48 
161 49 161 56 
159 59 161 61 
159 62 159 69 
159 75 159 86 
160 72 160 83 
164 26 169 27 
162 28 163 32 
163 33 164 37 
164 41 164 49 
165 30 165 41 
167 28 168 32 
167 33 168 37 
167 38 167 49 
168 38 168 49 
169 41 169 49 
162 53 164 55 
165 51 167 53 
163 56 165 58 
166 56 167 61 
168 56 169 61 
162 62 167 63 
165 65 169 66 
163 67 164 72 
165 67 166 72 
162 73 164 76 
162 77 164 79 
165 74 166 79 
162 80 164 83 
165 80 166 83 
162 84 166 85 
167 67 168 71 
167 72 167 82 
168 72 168 82 
169 73 169 82 
167 83 169 86 
174 26 184 26 
170 27 177 27 
170 36 171 40 
170 41 171 46 
172 29 174 32 
176 29 178 32 
179 29 181 32 
174 36 178 37 
173 38 178 39 
173 40 178 41 
179 35 182 37 
180 38 182 41 
174 42 179 43 
172 44 174 46 
175 44 177 46 
185 29 185 37 
185 38 185 46 
188 29 189 33 
188 34 189 38 
191 35 191 46 
192 29 192 39 
198 29 198 38 
199 29 199 38 
192 42 195 44 
197 42 199 44 
174 47 185 47 
189 47 199 47 
184 48 193 48 
170 49 177 49 
185 49 193 49 
173 50 182 50 
189 50 199 50 
170 55 173 57 
174 51 174 58 
170 59 174 60 
175 51 175 60 
170 61 172 64 
170 66 172 69 
170 70 171 74 
170 75 172 78 
174 61 174 70 
175 61 175 70 
173 71 175 74 
173 76 175 78 
176 51 187 51 
176 54 186 54 
189 52 191 54 
176 58 177 62 
178 55 178 62 
179 55 179 62 
181 55 182 59 
188 55 191 56 
188 57 191 59 
184 60 189 61 
181 62 191 62 
176 63 178 66 
179 63 181 66 
182 63 183 66 
186 63 191 64 
186 65 191 66 
180 67 185 68 
176 69 185 69 
176 70 180 71 
176 74 179 75 
176 76 183 76 
176 77 179 78 
180 77 183 78 
184 73 185 78 
186 67 186 78 
187 67 188 71 
189 67 190 71 
187 72 188 75 
187 77 191 78 
192 51 192 60 
193 51 193 60 
192 61 193 65 
192 66 193 70 
192 74 193 78 
194 59 199 60 
194 61 199 62 
194 63 199 64 
194 65 199 66 
194 67 197 69 
194 71 195 75 
196 71 199 73 
194 77 199 78 
170 81 177 81 
178 81 189 81 
194 79 199 80 
194 81 199 82 
170 83 172 86 
173 83 175 86 
176 83 181 84 
182 83 185 85 
186 83 190 84 
196 83 199 85 
161 87 172 87 
178 87 188 87 
189 87 199 87 
160 88 171 88 
165 89 174 89 
177 88 180 90 
181 89 191 89 
181 90 188 90 
189 90 199 90 
163 91 173 91 
159 93 164 94 
166 92 173 92 
174 91 177 93 
178 91 180 94 
181 91 190 91 
191 91 199 91 
181 92 189 92 
190 92 199 92 
189 93 199 93 
159 95 164 96 
160 97 164 98 
165 95 173 95 
174 95 183 95 
165 96 173 96 
174 96 185 96 
167 97 170 99 
171 97 179 97 
180 97 188 97 
184 98 188 99 
189 95 199 95 
189 96 199 96 
189 97 199 97 
159 100 159 108 
160 100 160 108 
162 103 163 108 
165 103 166 108 
159 109 160 113 
161 109 162 113 
163 109 164 113 
165 109 166 113 
159 114 163 115 
161 117 165 118 
167 100 172 101 
167 102 170 104 
167 105 168 110 
169 105 170 110 
172 102 172 110 
167 111 172 112 
167 113 172 114 
167 115 172 116 
174 100 175 105 
174 109 174 118 
175 106 175 116 
161 119 165 120 
166 119 170 120 
171 119 175 120 
176 100 181 101 
177 102 179 105 
182 102 185 104 
189 101 190 104 
191 101 193 104 
194 101 195 104 
196 101 197 104 
182 105 190 105 
187 106 197 106 
176 108 179 109 
180 108 184 109 
176 110 186 110 
181 112 184 114 
185 111 186 114 
176 115 186 115 
180 117 183 119 
188 108 188 119 
193 107 193 116 
194 107 194 116 
191 118 194 120 
195 111 195 120 
196 111 196 120 
197 107 199 110 
198 112 199 116 
197 117 199 120 
159 126 160 130 
159 131 160 134 
159 154 159 161 
159 162 160 166 
161 121 162 125 
161 130 162 135 
166 128 166 135 
167 121 167 130 
169 125 169 134 
161 138 164 139 
161 143 161 153 
161 154 161 164 
162 161 163 166 
164 158 164 166 
167 143 168 147 
165 148 165 155 
166 148 167 153 
166 154 167 157 
166 160 167 164 
168 149 168 157 
169 140 169 151 
171 121 181 121 
181 122 188 122 
170 123 170 130 
170 146 170 157 
171 136 171 147 
171 148 171 157 
174 124 177 126 
173 131 175 133 
178 123 178 133 
176 134 178 136 
176 137 178 140 
179 123 188 123 
179 124 188 124 
179 125 188 125 
179 126 188 126 
179 127 188 127 
181 133 181 140 
182 134 183 138 
186 128 186 138 
187 128 187 138 
188 128 188 138 
172 141 173 144 
175 150 176 154 
178 141 183 142 
177 143 180 145 
181 143 183 146 
180 147 183 148 
178 149 178 157 
179 149 179 157 
182 151 183 155 
184 141 184 148 
185 145 186 148 
187 141 187 148 
184 149 185 153 
186 149 187 153 
184 154 188 155 
184 156 188 157 
170 158 181 158 
170 159 181 159 
170 160 173 162 
182 158 183 162 
170 163 181 163 
178 166 187 166 
189 123 189 132 
189 139 189 150 
189 155 189 166 
190 127 192 130 
194 126 195 130 
190 132 192 135 
190 137 192 140 
190 141 190 152 
191 141 192 146 
191 147 192 152 
193 131 193 141 
193 142 193 152 
194 131 194 141 
194 146 195 150 
196 121 197 126 
196 129 198 132 
196 133 198 136 
199 125 199 136 
196 141 197 146 
198 137 198 146 
199 137 199 146 
196 147 197 152 
198 147 199 152 
190 153 193 154 
194 153 199 154 
192 155 195 157 
196 155 198 158 
190 159 193 161 
194 163 199 164 
160 167 168 167 
169 167 178 167 
159 168 168 168 
169 168 178 168 
181 167 185 168 
160 169 161 173 
163 169 166 171 
167 169 168 173 
171 169 172 173 
162 176 164 178 
159 179 166 179 
160 181 160 192 
162 188 163 193 
164 181 165 186 
168 176 169 180 
167 184 170 186 
173 179 175 182 
173 183 175 186 
176 176 177 179 
168 187 177 187 
168 190 177 190 
169 191 172 193 
174 191 177 193 
178 169 178 180 
178 182 178 193 
179 177 179 188 
159 197 161 200 
162 194 164 196 
165 194 167 196 
162 197 167 198 
162 199 167 200 
170 194 171 199 
159 204 161 206 
162 202 163 206 
164 202 165 206 
166 202 171 203 
166 204 169 206 
172 194 179 194 
174 196 175 199 
176 200 179 202 
176 204 179 206 
180 169 182 172 
180 178 182 181 
180 184 182 187 
181 189 181 200 
183 169 183 180 
183 181 183 189 
183 190 183 198 
183 199 183 206 
184 169 185 174 
184 182 185 185 
184 191 185 196 
184 197 184 206 
185 197 185 206 
186 167 186 174 
186 175 186 185 
186 188 187 192 
186 193 187 198 
187 199 187 206 
188 167 193 168 
194 168 199 169 
195 170 199 171 
188 174 199 174 
188 175 199 175 
188 176 188 187 
189 176 189 187 
190 176 191 180 
190 181 191 185 
192 177 199 177 
192 178 193 183 
195 179 196 183 
192 184 194 186 
195 184 197 186 
192 187 199 187 
191 188 192 192 
193 192 193 202 
194 191 194 202 
195 197 196 202 
197 198 198 202 
199 188 199 198 
188 203 197 203 
188 204 197 204 
188 205 197 205 
188 206 197 206 
198 203 199 206 
162 207 171 207 
179 208 189 208 
196 207 199 208 
159 209 160 213 
161 209 162 213 
164 209 167 211 
169 212 173 213 
159 215 164 216 
165 214 176 214 
165 215 176 215 
165 217 176 217 
159 218 163 219 
164 218 169 219 
159 222 164 223 
167 220 169 223 
170 218 171 223 
172 218 173 223 
174 220 176 223 
177 209 182 210 
177 212 182 213 
179 214 182 216 
177 217 182 218 
177 219 178 223 
179 219 182 220 
179 221 182 223 
183 209 183 219 
184 209 187 211 
184 212 187 213 
184 214 185 219 
186 214 187 219 
188 209 188 218 
189 219 190 223 
192 209 195 211 
192 220 195 221 
192 222 195 223 
196 209 196 218 
198 211 199 214 
198 215 199 219 
159 226 168 226 
166 227 169 228 
159 229 167 229 
167 230 172 231 
159 232 164 233 
159 235 169 235 
159 236 163 237 
164 236 172 236 
159 238 164 239 
165 239 172 239 
162 240 172 240 
161 241 172 241 
164 242 166 244 
167 242 171 243 
174 227 174 235 
175 232 176 235 
173 236 176 238 
174 240 175 244 
166 245 176 245 
166 246 169 247 
177 224 177 235 
178 224 180 227 
178 234 180 237 
178 238 178 246 
179 241 180 246 
181 224 181 233 
181 239 181 246 
177 248 181 249 
182 241 182 249 
184 224 186 227 
185 228 186 232 
183 233 184 236 
183 237 183 246 
184 237 185 241 
184 242 185 246 
183 247 185 249 
186 238 186 249 
188 228 188 236 
187 237 188 242 
187 245 188 249 
189 231 189 241 
189 242 189 249 
190 224 192 227 
190 236 190 247 
191 228 191 236 
192 232 192 243 
193 231 193 242 
194 231 194 241 
195 224 195 233 
195 237 195 247 
197 224 197 232 
198 224 198 232 
196 237 196 247 
197 233 198 238 
197 239 197 247 
198 239 198 247 
190 248 194 249 
195 248 199 249 
