2218
0 17 0 25 
1 7 1 16 
2 0 5 2 
2 3 3 7 
3 8 3 16 
4 3 5 8 
4 9 5 14 
1 17 1 25 
3 17 3 25 
6 0 8 2 
8 8 8 17 
9 3 9 14 
10 0 11 4 
11 7 11 14 
12 7 12 14 
10 16 10 25 
11 16 12 21 
13 1 15 4 
13 5 14 10 
13 12 13 23 
14 12 14 23 
15 12 15 23 
1 26 2 31 
1 32 2 37 
3 26 5 28 
4 34 5 38 
6 27 6 37 
7 26 7 37 
8 27 8 37 
9 27 9 37 
10 29 11 34 
12 26 13 29 
14 29 14 39 
15 29 15 39 
16 2 18 5 
19 1 20 6 
21 2 22 6 
23 2 24 6 
16 9 27 9 
22 10 27 11 
44 0 47 2 
49 1 54 2 
55 0 58 2 
59 0 62 2 
29 4 32 6 
34 5 38 6 
39 3 47 3 
62 3 71 3 
62 4 72 4 
61 5 72 5 
39 6 47 6 
52 6 63 6 
28 7 39 7 
53 7 63 7 
64 7 72 7 
28 8 30 11 
32 10 36 11 
37 9 39 11 
40 9 42 11 
45 8 54 8 
45 9 54 9 
45 10 50 11 
62 9 65 11 
66 9 69 11 
70 8 72 11 
73 0 78 1 
73 2 75 5 
76 2 78 5 
74 6 76 9 
73 10 78 11 
79 2 80 7 
81 2 82 7 
79 8 82 9 
79 10 82 11 
16 12 21 13 
31 12 33 15 
21 16 28 16 
22 17 27 18 
28 17 33 18 
16 19 27 19 
22 20 33 20 
16 21 19 23 
20 21 23 23 
16 24 23 24 
16 27 23 27 
27 25 32 26 
24 27 33 27 
34 15 35 19 
40 12 44 13 
51 12 60 12 
51 13 60 13 
44 14 55 14 
41 15 45 16 
56 14 60 15 
40 20 51 20 
44 21 51 21 
61 12 62 16 
68 12 69 16 
61 17 69 17 
70 12 71 17 
61 19 66 20 
67 18 71 19 
72 12 73 16 
74 14 76 16 
77 12 77 21 
78 12 78 21 
81 17 83 20 
34 22 36 25 
47 22 51 23 
37 24 47 24 
37 25 47 25 
48 24 53 25 
59 22 68 22 
60 23 63 25 
71 22 73 25 
76 22 80 23 
81 22 83 25 
42 26 53 26 
59 26 68 26 
34 28 45 28 
78 27 83 28 
45 29 56 29 
57 29 67 29 
72 29 83 29 
28 30 37 30 
41 30 52 30 
62 30 70 30 
73 30 83 30 
16 32 25 32 
29 31 37 31 
38 31 42 32 
45 31 55 31 
65 31 76 31 
51 32 61 32 
73 32 83 32 
16 33 19 35 
28 33 30 36 
31 33 39 33 
40 33 48 33 
33 34 38 35 
39 34 48 34 
37 36 48 36 
30 37 34 38 
35 37 39 38 
40 37 48 37 
40 38 48 38 
49 36 50 39 
53 33 57 34 
53 35 57 36 
53 37 57 38 
58 33 59 38 
60 33 61 38 
70 33 80 33 
65 35 66 39 
68 35 73 36 
76 35 80 36 
72 37 80 37 
69 39 80 39 
82 35 83 39 
85 0 86 4 
84 7 85 11 
84 15 86 17 
84 27 86 29 
87 26 88 29 
89 0 89 9 
89 23 89 32 
90 7 90 15 
91 2 91 10 
92 2 92 10 
91 17 91 26 
92 17 92 26 
91 27 92 32 
94 2 94 12 
93 13 94 18 
93 22 94 27 
93 28 94 32 
95 8 96 12 
97 8 99 11 
95 16 98 18 
95 19 96 24 
98 19 99 24 
95 25 97 28 
98 26 99 31 
100 2 101 6 
101 11 101 22 
102 4 102 14 
100 24 102 27 
100 30 102 32 
103 0 103 8 
106 0 107 5 
104 9 105 14 
104 15 105 20 
103 21 105 23 
109 14 109 23 
110 10 110 20 
103 24 110 24 
103 25 110 25 
105 28 110 29 
103 32 110 32 
111 22 111 32 
92 33 102 33 
96 34 107 34 
98 36 103 37 
105 35 110 36 
92 38 103 38 
98 39 106 39 
112 1 113 6 
114 0 114 10 
113 13 114 18 
115 0 116 3 
116 8 116 16 
118 0 119 5 
120 4 120 13 
121 0 121 10 
118 14 118 23 
120 14 121 18 
120 19 121 23 
122 6 122 17 
112 24 115 26 
119 24 121 26 
112 29 122 29 
112 30 122 30 
116 33 120 34 
113 35 120 35 
113 36 118 37 
113 38 118 39 
145 0 155 0 
124 1 134 1 
131 2 138 2 
124 3 129 4 
130 3 134 4 
141 1 143 4 
153 1 157 2 
154 3 157 5 
126 7 133 7 
147 6 157 6 
137 8 147 8 
125 9 129 10 
130 9 133 10 
141 9 145 10 
148 9 153 10 
154 8 157 10 
128 11 135 11 
147 11 152 12 
153 11 157 12 
130 13 137 13 
138 13 149 13 
125 16 136 16 
138 14 147 14 
138 15 147 15 
152 14 157 15 
142 16 150 16 
137 17 145 17 
123 19 127 20 
123 27 126 29 
128 18 137 18 
128 19 137 19 
128 21 137 21 
131 23 136 24 
128 27 131 28 
132 27 137 28 
128 29 131 30 
132 29 137 30 
138 18 138 29 
139 18 139 28 
140 19 140 30 
141 19 141 30 
142 19 142 30 
143 26 144 30 
146 20 146 30 
148 20 152 21 
150 22 151 27 
153 18 153 29 
156 18 156 28 
157 18 157 28 
124 31 124 39 
125 37 134 37 
130 38 134 39 
136 31 146 31 
147 31 154 31 
149 32 157 32 
141 33 143 36 
145 34 148 36 
149 33 150 36 
136 37 139 39 
153 37 155 39 
158 3 161 5 
158 12 158 19 
159 28 159 39 
160 6 161 11 
162 18 162 28 
160 30 162 33 
160 37 162 39 
164 12 164 20 
164 21 164 30 
163 31 164 36 
165 0 166 3 
165 8 165 18 
166 8 166 18 
168 0 169 4 
167 5 169 7 
167 8 169 10 
168 15 171 16 
167 17 168 20 
169 17 171 20 
165 22 167 25 
168 21 169 25 
170 21 171 25 
165 26 168 28 
169 28 171 30 
166 31 171 32 
167 35 171 36 
172 8 177 9 
172 10 177 11 
178 0 178 11 
179 0 179 11 
180 0 180 11 
172 13 175 15 
172 16 173 21 
175 17 176 21 
172 22 177 23 
178 13 180 16 
173 24 174 27 
176 24 180 25 
176 26 180 27 
173 28 173 36 
174 32 175 36 
176 32 177 36 
178 28 179 32 
178 33 180 36 
172 39 180 39 
182 1 184 3 
182 4 184 7 
185 1 186 5 
183 9 184 13 
185 9 186 13 
181 14 181 24 
183 14 185 17 
183 18 184 22 
186 14 186 25 
187 4 188 9 
188 16 188 25 
183 37 188 38 
189 2 189 12 
189 20 189 29 
189 30 189 39 
190 9 190 20 
192 0 192 9 
192 31 192 38 
194 0 194 8 
193 10 194 15 
193 18 193 29 
194 18 194 25 
195 5 195 12 
195 14 195 25 
196 18 196 25 
195 26 196 30 
195 34 196 39 
197 4 197 12 
197 13 197 21 
198 2 198 13 
198 30 198 39 
199 10 199 17 
199 27 199 38 
11 40 22 40 
51 40 60 40 
80 40 91 40 
0 41 7 41 
13 41 22 41 
23 41 30 41 
33 41 41 41 
42 41 51 41 
55 41 64 41 
95 41 105 41 
0 42 9 42 
16 42 25 42 
26 42 37 42 
2 43 9 43 
15 43 25 43 
26 43 37 43 
0 44 7 44 
8 44 16 44 
17 44 28 44 
29 44 37 44 
38 42 43 43 
59 42 69 42 
81 42 92 42 
93 42 101 42 
54 43 65 43 
44 44 55 44 
57 44 66 44 
67 44 78 44 
95 43 105 43 
95 44 105 44 
57 45 68 45 
106 40 110 41 
111 40 115 41 
122 40 130 40 
122 41 132 41 
142 41 153 41 
106 42 111 43 
119 42 124 43 
127 42 134 42 
128 43 139 43 
149 42 154 43 
107 44 117 44 
107 45 117 45 
119 44 128 44 
119 45 128 45 
134 44 141 44 
134 45 144 45 
159 40 170 40 
157 41 165 41 
155 42 160 43 
171 40 182 40 
171 41 182 41 
171 42 182 42 
171 43 182 43 
159 44 167 44 
168 44 178 44 
160 45 171 45 
172 45 183 45 
184 40 191 40 
184 43 187 45 
188 43 191 45 
192 40 193 45 
197 42 199 45 
2 47 7 48 
23 46 28 47 
35 47 45 47 
58 46 69 46 
88 46 99 46 
122 46 131 46 
157 46 166 46 
79 47 88 47 
110 47 119 47 
121 47 128 47 
129 47 140 47 
146 47 157 47 
158 47 169 47 
171 47 181 47 
186 46 196 46 
188 47 197 47 
13 48 23 48 
24 48 34 48 
55 48 65 48 
70 48 81 48 
83 48 91 48 
92 48 102 48 
103 48 114 48 
119 48 129 48 
130 48 137 48 
5 50 13 50 
21 49 32 49 
36 49 44 49 
34 50 43 50 
11 51 20 51 
54 51 65 51 
5 52 14 52 
4 53 13 53 
24 53 32 53 
10 54 21 54 
72 49 75 51 
78 51 89 51 
93 49 102 49 
93 51 97 52 
105 50 109 51 
102 52 112 52 
115 49 117 52 
121 49 131 49 
132 49 142 49 
164 49 175 49 
125 50 135 50 
139 50 150 50 
160 50 170 50 
124 51 133 51 
139 51 150 51 
134 52 145 52 
147 52 156 52 
160 51 170 51 
160 52 170 52 
171 52 182 52 
191 49 196 50 
191 51 196 52 
79 53 87 53 
102 53 112 53 
125 53 136 53 
137 53 148 53 
170 53 179 53 
92 54 101 54 
102 54 109 54 
124 54 135 54 
136 54 147 54 
156 54 163 54 
178 54 185 54 
190 54 198 54 
2 55 12 55 
13 55 23 55 
16 56 25 56 
16 57 25 57 
26 55 29 57 
30 55 32 57 
46 55 57 55 
67 55 76 55 
52 56 63 56 
52 57 60 57 
3 58 12 58 
17 58 28 58 
51 58 61 58 
3 59 12 59 
32 59 41 59 
46 59 54 59 
0 60 7 60 
13 60 22 60 
28 60 39 60 
0 74 0 85 
1 62 2 67 
3 62 4 67 
3 68 4 73 
2 74 2 81 
5 61 5 71 
5 74 5 83 
8 61 8 71 
10 61 11 64 
10 65 11 70 
10 83 11 86 
12 61 12 69 
12 70 12 81 
14 61 14 71 
15 61 15 71 
16 61 23 61 
16 62 23 62 
19 63 30 63 
19 64 30 64 
19 65 24 66 
16 69 19 71 
26 69 30 70 
26 71 30 72 
16 75 19 77 
21 75 24 77 
25 75 30 76 
25 77 27 79 
28 77 30 79 
31 69 33 72 
32 74 33 79 
34 72 34 80 
35 61 35 70 
35 71 35 80 
36 61 37 66 
36 67 37 72 
36 76 37 80 
38 61 38 72 
38 77 39 80 
41 61 41 70 
40 76 41 80 
42 61 42 69 
42 70 42 80 
43 71 43 80 
44 70 44 80 
45 69 47 71 
45 74 47 77 
45 78 47 80 
14 81 18 82 
19 81 24 82 
30 82 41 82 
25 84 33 84 
34 83 39 84 
40 83 44 84 
25 85 36 85 
47 81 48 85 
50 61 52 64 
55 61 57 64 
58 62 61 64 
50 65 60 65 
50 66 50 75 
51 66 51 73 
57 66 57 75 
58 66 59 71 
58 72 60 75 
61 66 61 75 
67 62 69 65 
67 66 68 70 
69 71 70 75 
71 61 73 63 
71 64 71 75 
72 72 73 75 
74 67 74 75 
76 62 76 70 
51 76 56 77 
54 79 57 81 
51 82 56 83 
60 77 61 81 
64 76 66 79 
70 76 73 78 
74 76 76 78 
71 81 76 82 
56 86 66 86 
67 86 76 86 
0 87 1 91 
4 87 8 88 
2 90 3 94 
2 95 3 99 
5 90 7 93 
4 96 6 99 
8 90 8 99 
9 95 10 99 
11 87 22 87 
11 88 12 93 
13 90 15 93 
11 94 13 97 
14 94 15 97 
18 88 22 89 
16 91 18 93 
19 91 22 93 
20 94 21 99 
23 87 31 87 
23 88 31 88 
23 89 32 89 
24 90 24 99 
28 90 32 91 
25 94 32 94 
33 93 34 96 
35 90 35 99 
36 90 36 99 
37 90 38 93 
37 94 38 99 
41 87 52 87 
45 88 53 88 
39 89 40 92 
39 93 42 94 
43 90 53 90 
44 91 46 94 
47 91 50 93 
51 91 53 94 
39 98 44 99 
45 98 49 99 
50 97 53 99 
54 88 61 88 
63 87 67 88 
63 89 67 90 
68 87 69 90 
70 87 75 88 
70 89 75 90 
57 91 65 91 
66 91 75 91 
60 93 68 93 
54 97 58 98 
60 96 64 97 
60 98 64 99 
67 95 76 95 
0 100 9 100 
0 101 9 101 
0 102 9 102 
1 106 3 109 
0 110 3 111 
0 113 3 115 
1 118 3 121 
1 122 1 131 
2 122 2 131 
6 113 6 121 
4 122 6 124 
4 126 6 129 
8 124 8 132 
9 114 9 124 
11 109 12 114 
11 127 12 132 
14 101 16 103 
14 104 16 107 
13 109 16 111 
15 112 16 115 
13 116 14 121 
13 122 14 127 
15 118 16 122 
19 100 30 100 
17 101 22 102 
27 101 30 102 
21 104 30 104 
17 105 27 105 
31 100 32 105 
19 106 24 107 
17 120 17 131 
20 108 23 110 
19 111 23 112 
19 113 23 114 
24 108 27 109 
24 110 27 112 
19 115 22 117 
19 118 20 122 
19 123 27 123 
28 108 29 113 
28 121 30 123 
31 111 31 119 
24 126 27 128 
29 127 31 130 
20 132 31 132 
33 100 37 101 
35 105 37 108 
38 100 38 108 
33 116 35 118 
33 120 37 121 
41 101 41 108 
42 105 42 115 
43 108 44 113 
54 100 57 102 
52 103 55 104 
58 100 60 102 
61 100 61 109 
66 101 74 101 
62 102 70 102 
71 102 74 103 
62 104 64 106 
62 107 66 108 
69 105 70 108 
72 104 74 107 
62 109 73 109 
75 104 76 109 
47 111 49 113 
50 111 54 112 
57 111 67 111 
57 112 64 112 
57 113 64 113 
70 111 73 113 
53 114 54 118 
47 119 50 121 
54 119 56 122 
67 114 76 114 
66 115 76 115 
57 117 58 122 
67 117 68 122 
33 127 35 129 
36 123 37 127 
38 123 39 127 
51 123 52 127 
58 125 61 127 
40 128 51 128 
36 129 45 129 
66 130 74 130 
49 131 58 131 
0 133 11 133 
0 134 11 134 
22 133 26 134 
22 135 29 135 
3 136 8 137 
11 136 19 136 
31 133 33 136 
34 134 37 136 
39 133 50 133 
55 133 66 133 
43 134 54 134 
55 134 62 134 
51 135 61 135 
47 136 56 136 
57 136 66 136 
67 137 76 137 
19 138 29 138 
19 139 29 139 
41 138 49 138 
38 139 45 139 
46 139 55 139 
65 138 70 139 
71 138 76 139 
11 140 22 140 
42 140 52 140 
67 140 76 140 
10 141 21 141 
32 141 42 141 
43 141 53 141 
61 141 71 141 
0 142 1 147 
2 142 4 145 
6 142 9 144 
14 142 17 144 
5 146 13 146 
14 145 19 146 
20 142 21 146 
26 142 29 144 
25 147 32 147 
33 142 38 143 
41 142 46 143 
52 142 57 143 
58 142 61 143 
52 147 61 147 
62 142 67 143 
62 144 70 144 
62 145 72 145 
73 142 76 144 
73 145 76 147 
0 149 1 154 
2 149 3 154 
13 148 15 150 
19 149 23 150 
29 148 37 148 
30 149 41 149 
29 150 40 150 
18 151 28 151 
29 151 38 151 
12 152 22 152 
9 153 19 153 
28 152 31 153 
33 152 41 152 
33 154 41 154 
42 150 44 152 
45 150 47 152 
53 148 58 149 
48 150 58 150 
0 156 5 157 
11 155 21 155 
47 155 58 155 
10 156 20 156 
21 156 29 156 
44 156 51 156 
6 157 16 157 
17 157 26 157 
32 157 40 157 
47 157 58 157 
59 148 60 152 
64 148 66 150 
61 151 66 152 
69 148 70 151 
71 148 72 151 
73 150 76 151 
67 152 76 152 
59 153 62 154 
59 155 69 155 
59 156 69 156 
59 157 69 157 
0 159 10 159 
16 158 25 158 
34 158 43 158 
33 160 43 160 
5 161 13 161 
41 161 51 161 
54 158 56 161 
58 158 59 162 
60 158 61 162 
62 158 65 160 
0 164 9 164 
2 167 6 168 
0 169 5 170 
7 165 7 173 
8 165 12 166 
17 165 22 166 
8 168 16 168 
8 170 10 173 
14 171 18 172 
19 170 21 173 
23 163 23 171 
24 163 24 171 
25 163 25 170 
26 163 26 170 
27 163 28 166 
29 163 31 166 
27 169 31 170 
0 174 11 174 
14 174 24 174 
45 163 52 163 
34 164 44 164 
45 164 54 164 
34 165 43 165 
44 165 54 165 
34 166 43 166 
38 167 49 167 
44 168 54 168 
56 163 57 168 
60 163 62 165 
63 163 67 164 
62 167 66 168 
47 169 56 169 
40 170 49 170 
34 171 35 174 
36 171 39 173 
40 171 42 173 
43 171 45 173 
48 171 51 173 
52 171 55 173 
59 173 66 173 
54 174 63 174 
9 175 17 175 
0 176 10 176 
26 176 37 176 
6 177 16 177 
20 177 31 177 
40 176 44 177 
49 176 57 176 
56 177 65 177 
5 178 14 178 
0 179 9 179 
20 178 30 178 
20 179 30 179 
36 178 40 179 
41 178 50 178 
41 179 50 179 
52 178 62 178 
58 179 67 179 
68 161 70 164 
72 161 76 162 
73 165 75 168 
68 171 76 171 
71 172 76 173 
68 176 71 178 
73 175 75 178 
0 180 0 187 
0 188 0 198 
0 199 0 206 
0 208 0 219 
1 180 1 189 
1 207 1 217 
7 180 18 180 
2 181 5 183 
6 181 13 181 
6 183 13 183 
14 181 16 183 
24 181 27 183 
29 183 36 183 
2 184 9 184 
10 184 21 184 
24 184 34 184 
2 185 10 185 
11 185 19 185 
26 185 34 185 
27 187 38 187 
40 180 41 185 
46 180 48 182 
49 180 54 181 
57 180 68 180 
57 181 68 181 
69 180 74 181 
55 182 63 182 
52 183 63 183 
48 184 56 184 
48 185 57 185 
53 186 63 186 
64 183 66 185 
70 183 72 185 
73 183 76 185 
70 186 75 187 
2 189 4 192 
5 189 7 192 
9 188 14 189 
9 190 14 191 
15 188 17 190 
18 189 20 192 
21 189 23 192 
24 189 26 192 
27 188 28 192 
29 188 30 192 
37 188 40 190 
44 188 45 192 
57 188 58 191 
47 192 58 192 
5 193 16 193 
28 193 36 193 
42 193 52 193 
2 194 10 194 
6 195 17 195 
18 195 28 195 
33 194 42 194 
37 195 48 195 
49 195 58 195 
59 188 59 195 
63 188 64 193 
65 188 65 195 
66 188 66 195 
67 188 68 192 
69 188 70 192 
67 193 70 195 
73 188 76 190 
72 191 73 195 
74 191 75 195 
3 199 12 199 
20 197 22 199 
30 197 32 199 
34 196 39 197 
8 200 19 200 
33 200 41 200 
2 201 12 201 
16 201 25 201 
30 203 37 203 
5 204 16 204 
4 205 13 205 
7 206 12 207 
21 206 30 206 
21 207 31 207 
4 208 5 212 
2 213 6 214 
7 210 17 210 
7 211 17 211 
19 208 28 208 
18 210 28 210 
31 210 36 211 
8 212 19 212 
20 212 24 213 
33 212 34 215 
35 213 38 215 
17 216 28 216 
32 216 41 216 
42 196 47 197 
42 199 43 203 
44 199 45 203 
42 205 47 206 
46 207 46 216 
48 196 52 197 
50 199 52 202 
48 204 50 206 
53 196 53 207 
54 196 65 196 
54 197 65 197 
54 198 56 201 
58 198 60 201 
62 198 65 200 
54 202 65 202 
54 203 65 203 
54 204 64 204 
54 205 64 205 
54 206 65 206 
51 208 51 216 
52 208 61 208 
57 209 60 210 
61 209 65 210 
52 211 63 211 
52 212 63 212 
60 213 65 214 
55 215 65 215 
69 198 73 199 
67 200 70 201 
66 205 66 216 
69 204 72 205 
72 207 76 208 
69 209 71 212 
69 213 71 216 
5 217 10 218 
11 217 15 218 
27 218 35 218 
36 217 45 217 
46 217 50 218 
2 219 7 220 
8 219 15 219 
16 220 25 220 
26 219 31 220 
35 219 46 219 
32 220 40 220 
53 217 54 220 
55 217 57 220 
60 217 62 219 
66 217 68 219 
71 217 76 218 
71 219 76 220 
2 221 7 222 
18 221 26 221 
27 221 36 221 
37 221 48 221 
50 221 61 221 
21 222 30 222 
35 222 46 222 
67 222 76 222 
10 224 14 225 
20 224 23 225 
7 226 11 227 
20 227 31 227 
40 224 42 227 
3 228 14 228 
25 228 36 228 
0 229 11 229 
35 229 46 229 
23 230 34 230 
0 231 10 231 
26 231 34 231 
38 230 43 231 
7 232 17 232 
9 233 18 233 
32 233 43 233 
0 234 10 234 
33 234 44 234 
0 235 8 235 
47 226 47 235 
48 226 48 235 
49 226 49 235 
50 225 57 225 
51 228 54 230 
57 227 58 230 
50 231 51 235 
52 231 53 235 
54 233 58 234 
59 223 62 225 
66 225 76 225 
66 228 76 228 
66 229 76 229 
59 230 61 233 
66 230 76 230 
63 231 65 233 
74 231 76 233 
68 234 76 234 
77 63 77 70 
77 84 77 95 
79 55 82 57 
78 60 82 61 
78 65 78 73 
79 66 80 70 
80 72 80 80 
81 62 82 66 
82 67 82 77 
78 81 80 83 
78 90 82 91 
78 99 78 106 
81 93 82 97 
79 99 82 101 
78 109 80 112 
78 115 80 118 
81 111 81 122 
82 108 82 119 
83 57 83 67 
83 68 83 79 
83 87 83 94 
83 95 83 104 
83 113 83 121 
84 69 84 78 
85 72 85 80 
86 56 90 57 
86 59 87 64 
88 59 89 63 
86 65 87 70 
86 71 86 82 
87 71 87 82 
86 92 87 96 
86 104 87 108 
90 65 90 76 
89 79 90 84 
88 89 88 98 
89 85 89 95 
90 88 90 98 
88 99 90 102 
86 117 86 126 
90 113 90 124 
91 55 91 65 
92 55 92 65 
91 66 91 76 
91 101 91 109 
91 116 91 126 
92 66 92 77 
92 78 92 89 
93 55 94 59 
93 65 96 67 
93 68 96 70 
93 78 94 83 
95 71 95 80 
96 71 96 81 
93 88 96 89 
93 95 95 98 
97 63 97 72 
98 60 98 71 
98 72 98 80 
98 82 98 90 
93 99 93 109 
93 110 93 121 
95 107 95 115 
94 116 95 121 
96 104 96 113 
93 122 95 125 
98 99 98 109 
100 56 111 56 
100 58 108 58 
100 60 107 60 
109 57 111 60 
99 62 104 63 
106 61 111 62 
99 64 103 65 
99 66 107 66 
99 67 104 68 
102 69 107 70 
99 74 103 75 
107 72 109 75 
110 64 110 75 
111 64 111 75 
112 55 113 60 
115 63 115 74 
99 77 102 79 
99 81 103 82 
105 76 109 77 
105 78 110 79 
105 80 112 80 
113 76 115 78 
110 81 115 82 
116 55 119 57 
116 60 119 62 
117 67 119 70 
116 71 118 74 
119 71 120 74 
121 60 121 70 
122 63 122 72 
123 55 123 65 
124 55 124 65 
123 70 124 73 
125 73 126 78 
99 85 100 89 
101 87 103 89 
99 90 101 92 
104 87 105 92 
102 94 103 98 
104 94 105 98 
100 102 105 103 
101 104 105 105 
107 83 110 85 
115 83 118 85 
106 86 115 86 
106 87 114 87 
106 88 108 91 
110 88 111 93 
112 88 115 90 
116 88 118 90 
119 83 120 88 
106 94 117 94 
106 95 106 105 
108 95 108 105 
109 96 111 99 
112 95 117 96 
112 98 117 99 
110 100 111 104 
112 101 117 102 
113 104 117 105 
118 94 120 96 
119 97 120 102 
100 106 102 109 
103 106 107 107 
108 106 110 109 
99 110 110 110 
100 112 105 113 
106 111 109 113 
111 111 114 113 
104 114 115 114 
99 115 109 115 
99 116 109 116 
101 117 112 117 
116 107 120 108 
116 112 119 114 
116 116 120 117 
121 83 125 84 
121 86 124 88 
121 100 121 107 
121 108 121 117 
122 92 123 96 
124 92 125 96 
123 102 125 104 
123 105 125 107 
122 116 125 117 
126 83 126 91 
126 93 126 103 
106 119 115 119 
116 119 126 119 
106 121 117 121 
102 124 106 125 
107 122 112 123 
102 126 109 126 
118 123 120 126 
124 122 125 126 
78 127 78 137 
78 139 78 148 
79 129 81 132 
79 134 81 137 
79 139 79 146 
80 141 81 146 
79 149 81 151 
79 152 80 156 
79 157 79 166 
79 168 81 171 
83 130 85 133 
83 134 84 139 
83 143 84 147 
85 134 86 137 
86 138 86 147 
83 150 84 155 
83 156 84 161 
85 148 86 152 
85 153 86 158 
87 129 88 133 
89 129 90 134 
91 127 94 129 
91 131 92 134 
93 131 94 134 
95 127 105 127 
97 130 98 133 
99 131 102 133 
103 131 105 134 
88 137 95 137 
87 142 94 142 
87 143 94 143 
96 135 104 135 
96 137 101 138 
98 139 101 140 
87 144 90 146 
93 146 97 147 
99 144 101 146 
102 144 103 148 
89 149 100 149 
87 153 97 153 
90 154 95 155 
98 153 101 155 
102 153 104 155 
87 157 97 157 
87 158 91 159 
93 160 98 161 
99 160 104 161 
106 154 107 158 
83 162 85 165 
87 162 88 167 
90 162 91 167 
83 168 91 168 
83 169 91 169 
83 170 91 170 
92 162 92 170 
93 162 93 170 
83 171 93 171 
94 162 94 171 
95 162 97 165 
96 166 97 171 
98 162 98 171 
104 163 107 165 
101 166 106 167 
99 168 107 168 
99 169 107 169 
99 170 107 170 
108 127 109 132 
112 127 113 132 
114 127 115 132 
116 127 126 127 
116 128 119 130 
125 128 126 132 
110 133 112 135 
115 133 118 135 
119 134 123 135 
110 136 119 136 
110 137 119 137 
114 138 119 139 
108 140 108 148 
109 140 109 148 
114 140 119 141 
114 142 118 143 
119 142 124 143 
114 145 122 145 
114 146 122 146 
114 147 122 147 
108 149 117 149 
125 133 125 142 
126 133 126 142 
108 152 109 155 
108 156 109 160 
110 152 120 152 
110 154 118 154 
111 158 113 160 
115 155 119 156 
115 157 119 158 
115 159 119 160 
120 155 121 160 
122 157 125 159 
110 161 114 162 
115 161 118 162 
119 161 126 161 
119 162 126 162 
115 163 126 163 
110 165 121 165 
110 166 119 166 
108 169 112 170 
113 170 118 171 
119 169 124 170 
127 55 128 60 
127 61 128 66 
127 67 128 71 
128 77 128 88 
129 56 129 67 
130 56 130 67 
128 90 128 98 
129 90 129 98 
130 89 130 99 
131 56 134 57 
132 61 134 64 
132 67 135 69 
131 70 134 72 
131 73 131 82 
131 83 131 92 
134 73 134 81 
132 82 132 89 
132 90 133 95 
134 82 134 93 
127 100 127 111 
128 100 128 111 
127 112 127 120 
128 112 128 120 
128 132 128 140 
127 146 128 150 
129 100 129 111 
130 100 131 104 
130 105 130 116 
131 105 131 116 
130 121 131 126 
129 128 131 130 
132 107 133 111 
134 107 135 111 
132 112 135 114 
132 118 133 123 
134 120 135 124 
132 127 135 128 
132 129 135 130 
132 131 135 133 
129 134 131 136 
129 137 131 139 
133 134 135 137 
129 140 131 143 
129 144 131 146 
132 147 134 150 
127 152 128 156 
131 151 132 156 
129 157 130 162 
127 163 131 164 
132 157 134 160 
133 161 135 164 
136 55 136 66 
136 78 136 87 
136 93 136 102 
137 72 137 81 
137 93 137 102 
140 62 140 69 
141 57 141 68 
142 58 142 67 
142 68 143 71 
144 57 144 66 
140 72 142 75 
138 80 140 83 
141 77 142 81 
142 83 143 86 
140 92 140 99 
141 92 142 95 
141 96 142 99 
138 102 143 103 
138 104 143 105 
138 106 141 108 
138 110 139 113 
141 110 143 113 
144 76 144 86 
145 105 145 113 
137 124 137 132 
136 133 137 137 
140 124 140 135 
141 118 141 128 
143 120 143 128 
141 130 143 133 
141 134 142 138 
144 129 144 140 
145 130 145 140 
136 145 136 155 
137 147 137 158 
139 144 140 147 
139 149 140 153 
142 141 143 145 
144 141 145 145 
141 146 144 148 
141 149 143 151 
141 152 143 154 
141 155 143 157 
136 162 139 164 
141 159 145 160 
138 165 145 165 
136 166 139 167 
140 166 144 167 
127 168 131 169 
132 168 142 168 
132 169 142 169 
130 170 135 171 
136 170 145 170 
78 172 80 175 
83 174 85 176 
77 177 86 177 
77 178 86 178 
77 179 86 179 
77 180 78 185 
78 187 78 198 
79 180 79 191 
77 200 79 203 
81 180 81 190 
82 180 82 187 
81 198 82 203 
83 198 84 203 
88 177 92 178 
88 180 90 182 
91 180 93 182 
87 185 87 195 
88 185 88 195 
89 187 93 188 
90 189 91 194 
92 189 93 194 
87 199 88 203 
91 196 92 201 
94 175 94 182 
96 175 96 182 
105 172 109 173 
112 172 115 174 
117 172 122 173 
97 175 98 180 
105 175 107 177 
108 175 111 177 
112 176 117 177 
99 179 103 180 
104 179 109 180 
110 179 115 180 
120 175 122 178 
111 181 122 181 
102 182 112 182 
109 183 116 183 
95 187 97 190 
95 195 97 197 
95 199 97 202 
105 185 116 185 
98 187 108 187 
98 189 106 189 
98 191 105 191 
106 191 116 191 
98 192 98 200 
99 196 100 200 
104 192 104 200 
106 192 106 200 
109 195 113 196 
116 192 116 200 
104 201 107 203 
113 201 116 203 
117 184 117 195 
118 188 118 199 
120 187 121 191 
120 195 122 198 
123 172 126 174 
123 175 126 177 
127 172 137 172 
128 173 133 174 
127 176 137 176 
127 177 137 177 
123 180 125 182 
126 179 135 179 
126 182 135 182 
126 183 135 183 
123 185 123 194 
124 192 125 195 
124 196 125 201 
126 190 126 201 
127 185 128 189 
127 192 128 196 
127 197 128 202 
129 186 130 190 
129 198 130 201 
131 186 132 191 
133 187 133 196 
134 187 134 196 
135 185 135 196 
131 200 133 203 
136 191 136 202 
137 191 137 202 
138 173 138 183 
139 173 139 183 
140 173 140 183 
142 173 143 178 
144 173 145 178 
143 181 145 183 
138 188 145 188 
138 190 140 193 
143 190 145 193 
138 194 142 195 
140 196 142 199 
144 194 145 199 
138 200 141 201 
77 204 86 204 
77 206 86 206 
77 207 86 207 
77 208 86 208 
77 209 86 209 
81 211 82 214 
83 210 83 217 
84 210 86 213 
87 204 87 215 
88 206 97 206 
88 208 97 208 
89 210 90 215 
91 211 92 215 
94 210 96 212 
94 213 96 215 
101 207 102 212 
99 216 104 217 
107 205 112 206 
106 212 111 213 
113 205 113 213 
114 207 115 211 
117 205 118 210 
120 205 120 213 
107 214 112 215 
78 218 78 226 
79 218 79 226 
81 218 84 220 
80 222 84 223 
85 219 92 219 
85 221 96 221 
85 223 90 224 
91 222 94 224 
88 225 92 226 
93 225 97 226 
101 219 102 223 
104 218 105 223 
101 224 105 225 
106 219 107 224 
108 218 108 225 
101 226 109 226 
81 227 89 227 
98 227 109 227 
81 228 91 228 
92 228 100 228 
110 218 110 227 
111 218 111 227 
112 218 112 227 
113 218 115 221 
114 222 115 227 
117 218 118 222 
117 223 119 226 
83 229 94 229 
110 229 120 229 
89 230 98 230 
104 230 115 230 
83 231 93 231 
100 231 110 231 
87 232 97 232 
106 233 114 233 
99 234 108 234 
97 235 107 235 
123 207 123 214 
121 219 121 228 
122 215 123 220 
122 221 123 225 
122 226 122 235 
125 223 125 233 
126 219 126 227 
127 215 127 224 
128 207 129 212 
128 213 129 217 
128 218 129 221 
132 207 133 210 
130 214 132 217 
130 218 130 226 
131 225 131 233 
132 218 133 222 
132 223 132 233 
133 223 133 233 
134 207 135 212 
134 213 134 220 
134 221 134 228 
135 221 135 230 
137 204 138 209 
140 204 142 207 
143 204 145 207 
136 210 145 210 
140 215 145 216 
136 219 145 219 
136 224 136 234 
138 220 139 224 
140 223 145 224 
137 225 137 234 
143 226 145 229 
140 232 142 234 
136 235 145 235 
156 55 161 56 
162 55 173 55 
170 56 180 56 
154 57 162 57 
172 57 183 57 
150 59 159 59 
176 58 180 59 
157 60 167 60 
175 60 183 60 
154 61 162 61 
174 61 183 61 
146 62 155 62 
146 63 155 63 
146 64 155 64 
177 62 181 63 
146 65 157 65 
158 65 169 65 
171 65 181 65 
146 66 148 69 
158 66 161 67 
169 66 179 66 
160 69 168 69 
171 70 179 70 
180 67 182 70 
149 71 151 73 
152 71 162 71 
163 71 173 71 
159 72 163 73 
164 72 167 73 
170 72 175 73 
146 80 146 88 
148 78 148 87 
149 74 149 84 
151 74 151 85 
152 74 152 85 
153 74 157 75 
157 77 166 77 
155 78 155 88 
156 78 156 88 
158 79 161 81 
159 84 161 87 
162 79 162 88 
164 78 164 88 
165 81 166 86 
168 74 172 75 
173 75 177 76 
168 77 179 77 
168 78 179 78 
168 79 169 83 
170 81 173 83 
167 84 175 84 
167 85 175 85 
167 87 176 87 
167 88 176 88 
178 79 178 88 
179 79 179 88 
180 79 180 88 
181 78 181 88 
176 89 181 90 
147 91 149 93 
150 91 154 92 
158 91 161 93 
168 91 170 93 
171 91 180 91 
171 92 176 93 
150 94 154 95 
160 94 168 94 
160 95 169 95 
176 94 181 95 
147 97 152 98 
153 96 156 98 
159 96 161 98 
164 96 166 98 
167 96 178 96 
167 97 178 97 
152 99 163 99 
150 100 159 100 
148 101 153 102 
154 101 159 102 
153 103 162 103 
151 105 161 105 
151 106 161 106 
168 100 169 105 
171 101 181 101 
171 102 181 102 
171 104 181 104 
171 106 181 106 
182 89 182 97 
183 89 183 97 
182 100 183 104 
146 116 146 124 
146 125 146 135 
146 136 146 145 
146 147 146 158 
146 174 146 185 
146 186 146 195 
146 196 146 207 
147 117 147 128 
147 159 147 170 
147 194 147 203 
148 108 151 110 
148 125 148 133 
148 134 148 145 
148 170 148 181 
148 190 148 200 
149 116 149 127 
149 149 149 160 
149 185 149 195 
149 196 149 207 
151 111 151 121 
150 122 151 126 
150 128 150 138 
151 128 151 139 
151 140 151 150 
151 156 151 165 
150 191 151 195 
151 199 151 207 
152 109 152 119 
152 123 152 133 
152 146 152 155 
152 168 152 177 
152 181 152 188 
153 109 153 117 
153 134 153 145 
154 107 156 109 
154 117 154 124 
155 111 155 122 
156 115 156 124 
157 107 157 114 
157 115 157 125 
154 127 155 132 
156 126 157 131 
154 133 156 136 
158 109 160 112 
158 128 158 138 
159 128 159 138 
160 128 160 138 
161 114 161 125 
161 127 161 138 
154 139 154 147 
157 141 158 144 
160 140 160 147 
156 148 160 149 
156 152 159 154 
161 139 161 146 
161 147 161 154 
153 161 153 170 
154 155 155 158 
154 159 155 164 
154 165 155 169 
154 170 155 174 
153 183 153 190 
153 197 153 206 
154 198 154 207 
155 186 155 196 
157 162 157 169 
156 170 157 173 
156 187 156 195 
158 165 160 168 
158 169 161 170 
158 177 161 178 
158 179 161 180 
160 185 160 195 
161 187 161 195 
158 203 161 205 
162 107 162 115 
163 107 164 112 
166 107 167 111 
168 107 170 110 
164 113 167 115 
168 113 170 115 
171 107 172 112 
174 107 174 115 
175 109 177 112 
179 107 181 109 
162 155 162 166 
162 171 162 182 
162 192 162 202 
163 117 163 126 
163 131 163 138 
163 139 163 148 
163 180 163 190 
163 196 163 207 
164 136 164 147 
164 158 164 168 
165 132 165 140 
165 142 165 153 
165 193 165 203 
166 123 167 127 
166 151 166 161 
166 162 167 165 
166 177 166 188 
167 167 167 174 
167 195 167 204 
168 136 168 147 
168 148 168 157 
168 167 168 178 
168 188 168 197 
169 158 169 168 
170 117 174 118 
171 120 173 123 
170 128 170 139 
171 128 171 139 
170 148 171 151 
170 156 170 167 
171 156 171 167 
172 133 172 142 
172 143 172 153 
172 154 172 165 
173 128 173 136 
173 137 173 148 
173 164 173 171 
174 128 174 139 
174 140 174 147 
174 151 174 161 
174 162 174 169 
169 177 171 179 
172 174 173 179 
169 180 169 191 
170 180 170 191 
171 181 171 191 
172 181 172 191 
174 181 174 191 
169 193 170 198 
169 203 170 207 
175 118 175 126 
175 127 175 137 
175 138 175 147 
175 164 175 174 
175 189 175 198 
176 119 176 129 
176 146 176 156 
176 170 176 179 
176 189 176 197 
177 117 181 118 
177 126 177 137 
178 119 178 127 
178 128 178 137 
180 124 181 128 
177 145 180 147 
177 158 181 159 
177 164 178 169 
177 173 178 176 
177 180 178 185 
179 161 179 171 
179 172 179 181 
180 161 180 172 
181 161 181 172 
180 181 181 186 
178 202 181 204 
178 205 181 207 
182 131 182 140 
182 149 182 157 
182 158 182 169 
182 175 182 184 
183 110 183 119 
183 139 183 148 
183 172 183 180 
183 185 183 194 
146 209 148 211 
152 208 154 211 
157 209 162 210 
157 212 162 213 
164 208 166 210 
178 209 183 210 
165 211 168 213 
170 211 173 213 
175 211 180 212 
174 213 183 213 
149 216 154 217 
155 216 157 219 
159 214 169 214 
173 214 182 214 
161 215 166 216 
167 215 178 215 
167 216 178 216 
158 217 167 217 
161 218 169 218 
164 220 173 220 
177 219 182 220 
146 229 151 230 
156 221 159 223 
162 221 163 226 
169 222 172 224 
174 221 175 224 
176 221 178 223 
169 225 180 225 
182 221 183 225 
175 226 183 226 
155 227 164 227 
180 228 183 229 
155 230 165 230 
149 232 160 232 
168 232 176 232 
146 233 157 233 
147 234 158 234 
161 233 172 233 
172 234 183 234 
172 235 180 235 
184 55 184 63 
184 64 184 72 
185 55 185 63 
186 60 187 65 
188 55 188 66 
189 57 190 62 
189 67 190 72 
191 55 191 66 
192 56 193 61 
192 62 193 66 
191 69 193 72 
194 55 194 62 
195 55 195 62 
194 67 195 72 
197 57 197 64 
198 57 198 67 
199 61 199 72 
185 78 185 88 
185 94 185 104 
186 78 186 86 
186 94 186 104 
184 105 184 114 
185 118 186 122 
184 123 186 126 
185 127 186 132 
184 133 186 136 
184 139 186 142 
184 144 185 149 
188 73 191 75 
187 76 192 77 
187 78 190 80 
194 76 195 81 
196 73 198 76 
196 77 198 79 
187 82 197 82 
187 83 197 83 
195 85 199 86 
187 88 197 88 
190 90 192 93 
194 89 196 92 
196 94 199 96 
190 97 192 100 
198 97 199 101 
187 102 187 109 
190 102 195 103 
189 104 190 109 
191 106 195 107 
191 108 195 109 
196 103 197 108 
187 111 189 114 
191 111 193 114 
187 115 194 115 
188 117 189 121 
190 117 191 121 
192 117 194 120 
187 123 194 123 
190 124 194 125 
189 131 191 133 
192 128 192 136 
193 130 195 132 
192 137 197 138 
188 141 190 143 
191 141 194 143 
197 139 198 143 
189 144 189 152 
192 144 193 148 
195 144 196 149 
194 150 197 152 
186 153 187 157 
184 158 185 162 
184 165 187 167 
188 153 199 153 
188 154 190 156 
188 157 190 159 
191 154 194 156 
191 157 194 159 
197 157 199 159 
188 160 189 164 
190 160 191 164 
192 160 197 161 
192 162 197 163 
198 160 199 164 
188 169 190 172 
191 166 192 171 
194 167 199 168 
194 170 199 171 
184 173 189 174 
194 174 195 178 
184 179 192 179 
184 180 193 180 
198 173 198 181 
199 173 199 181 
184 184 189 185 
184 186 186 188 
187 186 189 188 
185 192 189 193 
184 194 189 195 
187 198 189 201 
190 187 190 196 
184 214 185 217 
187 211 188 216 
186 223 186 233 
187 217 187 227 
187 228 187 235 
188 221 188 231 
189 226 189 235 
190 215 190 224 
191 192 191 203 
191 204 191 214 
191 223 191 233 
192 184 195 186 
196 182 197 186 
192 187 193 190 
195 187 198 189 
192 201 192 212 
193 192 195 195 
193 202 194 206 
193 207 195 209 
197 193 197 203 
198 191 198 201 
192 213 192 224 
192 225 192 235 
193 217 193 225 
193 226 193 235 
195 217 195 228 
196 213 196 220 
196 221 196 230 
195 231 196 235 
197 231 198 235 
199 192 199 201 
199 202 199 209 
199 210 199 219 
199 226 199 235 
0 237 1 241 
18 236 26 236 
8 237 13 238 
16 238 27 238 
8 239 15 239 
16 239 24 239 
37 236 45 236 
28 237 35 237 
4 240 13 240 
4 241 13 241 
18 240 22 241 
28 240 32 241 
33 240 36 241 
37 240 42 241 
0 242 5 243 
0 244 3 246 
5 245 9 246 
0 247 9 247 
10 242 17 242 
14 244 16 246 
10 247 17 247 
18 242 19 247 
27 242 37 242 
20 246 24 247 
25 245 27 247 
28 243 29 247 
30 243 33 245 
36 243 37 247 
0 248 9 248 
0 249 10 249 
18 248 23 249 
31 248 34 249 
38 242 38 249 
42 242 44 244 
42 245 44 248 
48 236 48 247 
49 236 49 247 
50 236 50 244 
51 236 51 245 
53 240 54 245 
55 239 56 243 
61 242 62 245 
66 237 68 240 
66 241 67 245 
71 241 72 245 
73 236 73 245 
74 236 76 238 
75 243 78 245 
79 236 79 245 
58 246 66 246 
54 247 59 248 
63 247 74 247 
67 248 77 248 
71 249 80 249 
81 238 82 243 
81 244 82 249 
84 236 84 247 
85 236 85 245 
86 237 86 245 
85 246 87 249 
89 240 92 242 
89 243 94 244 
88 245 89 248 
90 245 92 248 
96 236 99 238 
95 244 99 245 
95 246 97 248 
103 236 112 236 
100 237 103 239 
105 237 107 239 
113 237 115 239 
100 241 108 241 
103 242 112 242 
100 243 110 243 
102 244 113 244 
102 245 113 245 
102 246 113 246 
105 248 114 248 
116 237 121 238 
133 237 137 238 
116 239 125 239 
131 239 139 239 
144 239 155 239 
118 241 127 241 
131 241 141 241 
146 241 155 241 
120 242 131 242 
132 242 142 242 
121 243 131 243 
116 244 119 245 
137 244 146 244 
127 246 137 246 
127 247 137 247 
138 247 147 247 
118 248 123 249 
127 248 132 249 
147 248 155 248 
156 240 156 248 
157 237 158 242 
159 236 160 240 
157 245 159 248 
161 236 161 243 
161 244 162 249 
166 238 168 240 
174 236 176 239 
171 240 173 242 
179 237 181 240 
183 237 184 240 
179 241 184 242 
167 243 178 243 
168 244 169 249 
170 244 173 246 
175 244 176 249 
177 244 178 249 
179 243 184 244 
179 248 184 249 
185 236 186 239 
187 238 187 249 
189 237 191 240 
188 241 188 249 
189 241 189 249 
193 239 193 249 
194 239 194 249 
195 239 195 249 
196 245 197 249 
